job_id,start_time,end_time,carbon_footprint,executors
0,2024-12-07 01:40:13.645425,,0.0,[]
1,2024-12-07 01:40:14.158733,,0.0,[]
2,2024-12-07 01:40:14.674156,,0.0,[]
3,2024-12-07 01:40:15.207856,,0.0,[]
4,2024-12-07 01:40:15.737059,2024-12-07 01:45:48.645214,1949.3983333333363,"[('41:04', 'sparktc-8417b5939ec6f385-exec-1'), ('41:06', 'sparktc-8417b5939ec6f385-exec-1'), ('41:08', 'sparktc-8417b5939ec6f385-exec-1'), ('41:10', 'sparktc-8417b5939ec6f385-exec-1'), ('41:12', 'sparktc-8417b5939ec6f385-exec-1'), ('41:14', 'sparktc-8417b5939ec6f385-exec-1'), ('41:17', 'sparktc-8417b5939ec6f385-exec-1'), ('41:19', 'sparktc-8417b5939ec6f385-exec-1'), ('41:19', 'sparktc-8417b5939ec6f385-exec-2'), ('41:22', 'sparktc-8417b5939ec6f385-exec-1'), ('41:22', 'sparktc-8417b5939ec6f385-exec-2'), ('41:25', 'sparktc-8417b5939ec6f385-exec-1'), ('41:26', 'sparktc-8417b5939ec6f385-exec-2'), ('41:26', 'sparktc-8417b5939ec6f385-exec-3'), ('41:31', 'sparktc-8417b5939ec6f385-exec-1'), ('41:31', 'sparktc-8417b5939ec6f385-exec-2'), ('41:31', 'sparktc-8417b5939ec6f385-exec-3'), ('41:31', 'sparktc-8417b5939ec6f385-exec-4'), ('41:38', 'sparktc-8417b5939ec6f385-exec-1'), ('41:38', 'sparktc-8417b5939ec6f385-exec-2'), ('41:38', 'sparktc-8417b5939ec6f385-exec-3'), ('41:39', 'sparktc-8417b5939ec6f385-exec-4'), ('41:39', 'sparktc-8417b5939ec6f385-exec-5'), ('41:39', 'sparktc-8417b5939ec6f385-exec-6'), ('41:40', 'sparktc-8417b5939ec6f385-exec-7'), ('41:40', 'sparktc-8417b5939ec6f385-exec-8'), ('41:46', 'sparktc-8417b5939ec6f385-exec-1'), ('41:46', 'sparktc-8417b5939ec6f385-exec-2'), ('41:46', 'sparktc-8417b5939ec6f385-exec-3'), ('41:47', 'sparktc-8417b5939ec6f385-exec-4'), ('41:47', 'sparktc-8417b5939ec6f385-exec-5'), ('41:47', 'sparktc-8417b5939ec6f385-exec-6'), ('41:47', 'sparktc-8417b5939ec6f385-exec-7'), ('41:48', 'sparktc-8417b5939ec6f385-exec-8'), ('41:56', 'sparktc-8417b5939ec6f385-exec-1'), ('41:56', 'sparktc-8417b5939ec6f385-exec-2'), ('41:56', 'sparktc-8417b5939ec6f385-exec-3'), ('41:56', 'sparktc-8417b5939ec6f385-exec-4'), ('41:56', 'sparktc-8417b5939ec6f385-exec-5'), ('41:57', 'sparktc-8417b5939ec6f385-exec-6'), ('41:57', 'sparktc-8417b5939ec6f385-exec-7'), ('41:57', 'sparktc-8417b5939ec6f385-exec-8'), ('42:05', 'sparktc-8417b5939ec6f385-exec-1'), ('42:05', 'sparktc-8417b5939ec6f385-exec-2'), ('42:05', 'sparktc-8417b5939ec6f385-exec-3'), ('42:06', 'sparktc-8417b5939ec6f385-exec-4'), ('42:06', 'sparktc-8417b5939ec6f385-exec-5'), ('42:06', 'sparktc-8417b5939ec6f385-exec-6'), ('42:06', 'sparktc-8417b5939ec6f385-exec-7'), ('42:06', 'sparktc-8417b5939ec6f385-exec-8'), ('42:14', 'sparktc-8417b5939ec6f385-exec-1'), ('42:14', 'sparktc-8417b5939ec6f385-exec-2'), ('42:15', 'sparktc-8417b5939ec6f385-exec-3'), ('42:15', 'sparktc-8417b5939ec6f385-exec-4'), ('42:15', 'sparktc-8417b5939ec6f385-exec-5'), ('42:15', 'sparktc-8417b5939ec6f385-exec-6'), ('42:15', 'sparktc-8417b5939ec6f385-exec-7'), ('42:16', 'sparktc-8417b5939ec6f385-exec-8'), ('42:24', 'sparktc-8417b5939ec6f385-exec-1'), ('42:24', 'sparktc-8417b5939ec6f385-exec-2'), ('42:24', 'sparktc-8417b5939ec6f385-exec-3'), ('42:25', 'sparktc-8417b5939ec6f385-exec-4'), ('42:25', 'sparktc-8417b5939ec6f385-exec-5'), ('42:25', 'sparktc-8417b5939ec6f385-exec-6'), ('42:25', 'sparktc-8417b5939ec6f385-exec-7'), ('42:25', 'sparktc-8417b5939ec6f385-exec-8'), ('42:33', 'sparktc-8417b5939ec6f385-exec-1'), ('42:34', 'sparktc-8417b5939ec6f385-exec-2'), ('42:34', 'sparktc-8417b5939ec6f385-exec-3'), ('42:34', 'sparktc-8417b5939ec6f385-exec-4'), ('42:34', 'sparktc-8417b5939ec6f385-exec-5'), ('42:35', 'sparktc-8417b5939ec6f385-exec-6'), ('42:35', 'sparktc-8417b5939ec6f385-exec-7'), ('42:35', 'sparktc-8417b5939ec6f385-exec-8'), ('42:43', 'sparktc-8417b5939ec6f385-exec-1'), ('42:43', 'sparktc-8417b5939ec6f385-exec-2'), ('42:43', 'sparktc-8417b5939ec6f385-exec-3'), ('42:44', 'sparktc-8417b5939ec6f385-exec-4'), ('42:44', 'sparktc-8417b5939ec6f385-exec-5'), ('42:44', 'sparktc-8417b5939ec6f385-exec-6'), ('42:44', 'sparktc-8417b5939ec6f385-exec-7'), ('42:44', 'sparktc-8417b5939ec6f385-exec-8'), ('42:52', 'sparktc-8417b5939ec6f385-exec-1'), ('42:53', 'sparktc-8417b5939ec6f385-exec-2'), ('42:53', 'sparktc-8417b5939ec6f385-exec-3'), ('42:53', 'sparktc-8417b5939ec6f385-exec-4'), ('42:53', 'sparktc-8417b5939ec6f385-exec-5'), ('42:53', 'sparktc-8417b5939ec6f385-exec-6'), ('42:54', 'sparktc-8417b5939ec6f385-exec-7'), ('42:54', 'sparktc-8417b5939ec6f385-exec-8'), ('43:02', 'sparktc-8417b5939ec6f385-exec-1'), ('43:02', 'sparktc-8417b5939ec6f385-exec-2'), ('43:03', 'sparktc-8417b5939ec6f385-exec-3'), ('43:03', 'sparktc-8417b5939ec6f385-exec-4'), ('43:03', 'sparktc-8417b5939ec6f385-exec-5'), ('43:03', 'sparktc-8417b5939ec6f385-exec-6'), ('43:03', 'sparktc-8417b5939ec6f385-exec-7'), ('43:04', 'sparktc-8417b5939ec6f385-exec-8'), ('43:12', 'sparktc-8417b5939ec6f385-exec-1'), ('43:12', 'sparktc-8417b5939ec6f385-exec-2'), ('43:12', 'sparktc-8417b5939ec6f385-exec-3'), ('43:12', 'sparktc-8417b5939ec6f385-exec-4'), ('43:13', 'sparktc-8417b5939ec6f385-exec-5'), ('43:13', 'sparktc-8417b5939ec6f385-exec-6'), ('43:13', 'sparktc-8417b5939ec6f385-exec-7'), ('43:13', 'sparktc-8417b5939ec6f385-exec-8'), ('43:22', 'sparktc-8417b5939ec6f385-exec-1'), ('43:22', 'sparktc-8417b5939ec6f385-exec-2'), ('43:22', 'sparktc-8417b5939ec6f385-exec-3'), ('43:22', 'sparktc-8417b5939ec6f385-exec-4'), ('43:22', 'sparktc-8417b5939ec6f385-exec-5'), ('43:23', 'sparktc-8417b5939ec6f385-exec-6'), ('43:23', 'sparktc-8417b5939ec6f385-exec-7'), ('43:23', 'sparktc-8417b5939ec6f385-exec-8'), ('43:31', 'sparktc-8417b5939ec6f385-exec-1'), ('43:31', 'sparktc-8417b5939ec6f385-exec-2'), ('43:31', 'sparktc-8417b5939ec6f385-exec-3'), ('43:32', 'sparktc-8417b5939ec6f385-exec-4'), ('43:32', 'sparktc-8417b5939ec6f385-exec-5'), ('43:32', 'sparktc-8417b5939ec6f385-exec-6'), ('43:32', 'sparktc-8417b5939ec6f385-exec-7'), ('43:32', 'sparktc-8417b5939ec6f385-exec-8'), ('43:41', 'sparktc-8417b5939ec6f385-exec-1'), ('43:41', 'sparktc-8417b5939ec6f385-exec-2'), ('43:41', 'sparktc-8417b5939ec6f385-exec-3'), ('43:41', 'sparktc-8417b5939ec6f385-exec-4'), ('43:41', 'sparktc-8417b5939ec6f385-exec-5'), ('43:42', 'sparktc-8417b5939ec6f385-exec-6'), ('43:42', 'sparktc-8417b5939ec6f385-exec-7'), ('43:42', 'sparktc-8417b5939ec6f385-exec-8'), ('43:50', 'sparktc-8417b5939ec6f385-exec-1'), ('43:50', 'sparktc-8417b5939ec6f385-exec-2'), ('43:50', 'sparktc-8417b5939ec6f385-exec-3'), ('43:51', 'sparktc-8417b5939ec6f385-exec-4'), ('43:51', 'sparktc-8417b5939ec6f385-exec-5'), ('43:51', 'sparktc-8417b5939ec6f385-exec-6'), ('43:51', 'sparktc-8417b5939ec6f385-exec-7'), ('43:51', 'sparktc-8417b5939ec6f385-exec-8'), ('43:59', 'sparktc-8417b5939ec6f385-exec-1'), ('44:00', 'sparktc-8417b5939ec6f385-exec-2'), ('44:00', 'sparktc-8417b5939ec6f385-exec-3'), ('44:00', 'sparktc-8417b5939ec6f385-exec-4'), ('44:00', 'sparktc-8417b5939ec6f385-exec-5'), ('44:00', 'sparktc-8417b5939ec6f385-exec-6'), ('44:01', 'sparktc-8417b5939ec6f385-exec-7'), ('44:01', 'sparktc-8417b5939ec6f385-exec-8'), ('44:09', 'sparktc-8417b5939ec6f385-exec-1'), ('44:09', 'sparktc-8417b5939ec6f385-exec-2'), ('44:09', 'sparktc-8417b5939ec6f385-exec-3'), ('44:09', 'sparktc-8417b5939ec6f385-exec-4'), ('44:10', 'sparktc-8417b5939ec6f385-exec-5'), ('44:10', 'sparktc-8417b5939ec6f385-exec-6'), ('44:10', 'sparktc-8417b5939ec6f385-exec-7'), ('44:10', 'sparktc-8417b5939ec6f385-exec-8'), ('44:18', 'sparktc-8417b5939ec6f385-exec-1'), ('44:18', 'sparktc-8417b5939ec6f385-exec-2'), ('44:18', 'sparktc-8417b5939ec6f385-exec-3'), ('44:19', 'sparktc-8417b5939ec6f385-exec-4'), ('44:19', 'sparktc-8417b5939ec6f385-exec-5'), ('44:19', 'sparktc-8417b5939ec6f385-exec-6'), ('44:19', 'sparktc-8417b5939ec6f385-exec-7'), ('44:19', 'sparktc-8417b5939ec6f385-exec-8'), ('44:28', 'sparktc-8417b5939ec6f385-exec-1'), ('44:28', 'sparktc-8417b5939ec6f385-exec-2'), ('44:28', 'sparktc-8417b5939ec6f385-exec-3'), ('44:28', 'sparktc-8417b5939ec6f385-exec-4'), ('44:28', 'sparktc-8417b5939ec6f385-exec-5'), ('44:29', 'sparktc-8417b5939ec6f385-exec-6'), ('44:29', 'sparktc-8417b5939ec6f385-exec-7'), ('44:29', 'sparktc-8417b5939ec6f385-exec-8'), ('44:37', 'sparktc-8417b5939ec6f385-exec-1'), ('44:37', 'sparktc-8417b5939ec6f385-exec-2'), ('44:37', 'sparktc-8417b5939ec6f385-exec-3'), ('44:38', 'sparktc-8417b5939ec6f385-exec-4'), ('44:38', 'sparktc-8417b5939ec6f385-exec-5'), ('44:38', 'sparktc-8417b5939ec6f385-exec-6'), ('44:38', 'sparktc-8417b5939ec6f385-exec-7'), ('44:38', 'sparktc-8417b5939ec6f385-exec-8'), ('44:46', 'sparktc-8417b5939ec6f385-exec-1'), ('44:47', 'sparktc-8417b5939ec6f385-exec-2'), ('44:47', 'sparktc-8417b5939ec6f385-exec-3'), ('44:47', 'sparktc-8417b5939ec6f385-exec-4'), ('44:47', 'sparktc-8417b5939ec6f385-exec-5'), ('44:47', 'sparktc-8417b5939ec6f385-exec-6'), ('44:48', 'sparktc-8417b5939ec6f385-exec-7'), ('44:48', 'sparktc-8417b5939ec6f385-exec-8'), ('44:56', 'sparktc-8417b5939ec6f385-exec-1'), ('44:56', 'sparktc-8417b5939ec6f385-exec-2'), ('44:56', 'sparktc-8417b5939ec6f385-exec-3'), ('44:57', 'sparktc-8417b5939ec6f385-exec-4'), ('44:57', 'sparktc-8417b5939ec6f385-exec-5'), ('44:57', 'sparktc-8417b5939ec6f385-exec-6'), ('44:57', 'sparktc-8417b5939ec6f385-exec-7'), ('44:58', 'sparktc-8417b5939ec6f385-exec-8'), ('45:06', 'sparktc-8417b5939ec6f385-exec-1'), ('45:06', 'sparktc-8417b5939ec6f385-exec-2'), ('45:06', 'sparktc-8417b5939ec6f385-exec-3'), ('45:06', 'sparktc-8417b5939ec6f385-exec-4'), ('45:06', 'sparktc-8417b5939ec6f385-exec-5'), ('45:07', 'sparktc-8417b5939ec6f385-exec-6'), ('45:07', 'sparktc-8417b5939ec6f385-exec-7'), ('45:07', 'sparktc-8417b5939ec6f385-exec-8'), ('45:14', 'sparktc-8417b5939ec6f385-exec-1'), ('45:14', 'sparktc-8417b5939ec6f385-exec-2'), ('45:15', 'sparktc-8417b5939ec6f385-exec-3'), ('45:15', 'sparktc-8417b5939ec6f385-exec-4'), ('45:15', 'sparktc-8417b5939ec6f385-exec-5'), ('45:15', 'sparktc-8417b5939ec6f385-exec-6'), ('45:15', 'sparktc-8417b5939ec6f385-exec-7'), ('45:16', 'sparktc-8417b5939ec6f385-exec-8'), ('45:23', 'sparktc-8417b5939ec6f385-exec-1'), ('45:23', 'sparktc-8417b5939ec6f385-exec-2'), ('45:23', 'sparktc-8417b5939ec6f385-exec-3'), ('45:23', 'sparktc-8417b5939ec6f385-exec-4'), ('45:24', 'sparktc-8417b5939ec6f385-exec-5'), ('45:24', 'sparktc-8417b5939ec6f385-exec-6'), ('45:24', 'sparktc-8417b5939ec6f385-exec-7'), ('45:24', 'sparktc-8417b5939ec6f385-exec-8'), ('45:31', 'sparktc-8417b5939ec6f385-exec-1'), ('45:31', 'sparktc-8417b5939ec6f385-exec-2'), ('45:31', 'sparktc-8417b5939ec6f385-exec-3'), ('45:31', 'sparktc-8417b5939ec6f385-exec-4'), ('45:31', 'sparktc-8417b5939ec6f385-exec-5'), ('45:32', 'sparktc-8417b5939ec6f385-exec-6'), ('45:32', 'sparktc-8417b5939ec6f385-exec-7'), ('45:32', 'sparktc-8417b5939ec6f385-exec-8'), ('45:39', 'sparktc-8417b5939ec6f385-exec-1'), ('45:39', 'sparktc-8417b5939ec6f385-exec-2'), ('45:39', 'sparktc-8417b5939ec6f385-exec-3'), ('45:39', 'sparktc-8417b5939ec6f385-exec-4'), ('45:40', 'sparktc-8417b5939ec6f385-exec-5'), ('45:40', 'sparktc-8417b5939ec6f385-exec-6'), ('45:40', 'sparktc-8417b5939ec6f385-exec-7'), ('45:41', 'sparktc-8417b5939ec6f385-exec-8')]"
5,2024-12-07 01:40:16.271683,,0.0,[]
6,2024-12-07 01:40:16.797742,2024-12-07 01:45:13.585743,1687.3753333333334,"[('41:06', 'sparktc-17b6bd939ec6f71f-exec-1'), ('41:07', 'sparktc-17b6bd939ec6f71f-exec-1'), ('41:09', 'sparktc-17b6bd939ec6f71f-exec-1'), ('41:12', 'sparktc-17b6bd939ec6f71f-exec-1'), ('41:14', 'sparktc-17b6bd939ec6f71f-exec-1'), ('41:16', 'sparktc-17b6bd939ec6f71f-exec-1'), ('41:19', 'sparktc-17b6bd939ec6f71f-exec-1'), ('41:19', 'sparktc-17b6bd939ec6f71f-exec-2'), ('41:21', 'sparktc-17b6bd939ec6f71f-exec-1'), ('41:22', 'sparktc-17b6bd939ec6f71f-exec-2'), ('41:25', 'sparktc-17b6bd939ec6f71f-exec-1'), ('41:25', 'sparktc-17b6bd939ec6f71f-exec-2'), ('41:25', 'sparktc-17b6bd939ec6f71f-exec-3'), ('41:29', 'sparktc-17b6bd939ec6f71f-exec-1'), ('41:29', 'sparktc-17b6bd939ec6f71f-exec-2'), ('41:30', 'sparktc-17b6bd939ec6f71f-exec-3'), ('41:30', 'sparktc-17b6bd939ec6f71f-exec-4'), ('41:30', 'sparktc-17b6bd939ec6f71f-exec-5'), ('41:36', 'sparktc-17b6bd939ec6f71f-exec-1'), ('41:36', 'sparktc-17b6bd939ec6f71f-exec-2'), ('41:37', 'sparktc-17b6bd939ec6f71f-exec-3'), ('41:37', 'sparktc-17b6bd939ec6f71f-exec-4'), ('41:37', 'sparktc-17b6bd939ec6f71f-exec-5'), ('41:37', 'sparktc-17b6bd939ec6f71f-exec-6'), ('41:38', 'sparktc-17b6bd939ec6f71f-exec-7'), ('41:38', 'sparktc-17b6bd939ec6f71f-exec-8'), ('41:44', 'sparktc-17b6bd939ec6f71f-exec-1'), ('41:44', 'sparktc-17b6bd939ec6f71f-exec-2'), ('41:45', 'sparktc-17b6bd939ec6f71f-exec-3'), ('41:45', 'sparktc-17b6bd939ec6f71f-exec-4'), ('41:45', 'sparktc-17b6bd939ec6f71f-exec-5'), ('41:45', 'sparktc-17b6bd939ec6f71f-exec-6'), ('41:45', 'sparktc-17b6bd939ec6f71f-exec-7'), ('41:46', 'sparktc-17b6bd939ec6f71f-exec-8'), ('41:54', 'sparktc-17b6bd939ec6f71f-exec-1'), ('41:54', 'sparktc-17b6bd939ec6f71f-exec-2'), ('41:54', 'sparktc-17b6bd939ec6f71f-exec-3'), ('41:54', 'sparktc-17b6bd939ec6f71f-exec-4'), ('41:55', 'sparktc-17b6bd939ec6f71f-exec-5'), ('41:55', 'sparktc-17b6bd939ec6f71f-exec-6'), ('41:55', 'sparktc-17b6bd939ec6f71f-exec-7'), ('41:55', 'sparktc-17b6bd939ec6f71f-exec-8'), ('42:03', 'sparktc-17b6bd939ec6f71f-exec-1'), ('42:04', 'sparktc-17b6bd939ec6f71f-exec-2'), ('42:04', 'sparktc-17b6bd939ec6f71f-exec-3'), ('42:04', 'sparktc-17b6bd939ec6f71f-exec-4'), ('42:04', 'sparktc-17b6bd939ec6f71f-exec-5'), ('42:04', 'sparktc-17b6bd939ec6f71f-exec-6'), ('42:05', 'sparktc-17b6bd939ec6f71f-exec-7'), ('42:05', 'sparktc-17b6bd939ec6f71f-exec-8'), ('42:13', 'sparktc-17b6bd939ec6f71f-exec-1'), ('42:13', 'sparktc-17b6bd939ec6f71f-exec-2'), ('42:13', 'sparktc-17b6bd939ec6f71f-exec-3'), ('42:13', 'sparktc-17b6bd939ec6f71f-exec-4'), ('42:13', 'sparktc-17b6bd939ec6f71f-exec-5'), ('42:14', 'sparktc-17b6bd939ec6f71f-exec-6'), ('42:14', 'sparktc-17b6bd939ec6f71f-exec-7'), ('42:14', 'sparktc-17b6bd939ec6f71f-exec-8'), ('42:22', 'sparktc-17b6bd939ec6f71f-exec-1'), ('42:22', 'sparktc-17b6bd939ec6f71f-exec-2'), ('42:23', 'sparktc-17b6bd939ec6f71f-exec-3'), ('42:23', 'sparktc-17b6bd939ec6f71f-exec-4'), ('42:23', 'sparktc-17b6bd939ec6f71f-exec-5'), ('42:23', 'sparktc-17b6bd939ec6f71f-exec-6'), ('42:24', 'sparktc-17b6bd939ec6f71f-exec-7'), ('42:24', 'sparktc-17b6bd939ec6f71f-exec-8'), ('42:32', 'sparktc-17b6bd939ec6f71f-exec-1'), ('42:32', 'sparktc-17b6bd939ec6f71f-exec-2'), ('42:32', 'sparktc-17b6bd939ec6f71f-exec-3'), ('42:32', 'sparktc-17b6bd939ec6f71f-exec-4'), ('42:33', 'sparktc-17b6bd939ec6f71f-exec-5'), ('42:33', 'sparktc-17b6bd939ec6f71f-exec-6'), ('42:33', 'sparktc-17b6bd939ec6f71f-exec-7'), ('42:33', 'sparktc-17b6bd939ec6f71f-exec-8'), ('42:41', 'sparktc-17b6bd939ec6f71f-exec-1'), ('42:42', 'sparktc-17b6bd939ec6f71f-exec-2'), ('42:42', 'sparktc-17b6bd939ec6f71f-exec-3'), ('42:42', 'sparktc-17b6bd939ec6f71f-exec-4'), ('42:42', 'sparktc-17b6bd939ec6f71f-exec-5'), ('42:42', 'sparktc-17b6bd939ec6f71f-exec-6'), ('42:43', 'sparktc-17b6bd939ec6f71f-exec-7'), ('42:43', 'sparktc-17b6bd939ec6f71f-exec-8'), ('42:51', 'sparktc-17b6bd939ec6f71f-exec-1'), ('42:51', 'sparktc-17b6bd939ec6f71f-exec-2'), ('42:51', 'sparktc-17b6bd939ec6f71f-exec-3'), ('42:51', 'sparktc-17b6bd939ec6f71f-exec-4'), ('42:52', 'sparktc-17b6bd939ec6f71f-exec-5'), ('42:52', 'sparktc-17b6bd939ec6f71f-exec-6'), ('42:52', 'sparktc-17b6bd939ec6f71f-exec-7'), ('42:52', 'sparktc-17b6bd939ec6f71f-exec-8'), ('43:01', 'sparktc-17b6bd939ec6f71f-exec-1'), ('43:01', 'sparktc-17b6bd939ec6f71f-exec-2'), ('43:01', 'sparktc-17b6bd939ec6f71f-exec-3'), ('43:01', 'sparktc-17b6bd939ec6f71f-exec-4'), ('43:01', 'sparktc-17b6bd939ec6f71f-exec-5'), ('43:02', 'sparktc-17b6bd939ec6f71f-exec-6'), ('43:02', 'sparktc-17b6bd939ec6f71f-exec-7'), ('43:02', 'sparktc-17b6bd939ec6f71f-exec-8'), ('43:10', 'sparktc-17b6bd939ec6f71f-exec-1'), ('43:10', 'sparktc-17b6bd939ec6f71f-exec-2'), ('43:11', 'sparktc-17b6bd939ec6f71f-exec-3'), ('43:11', 'sparktc-17b6bd939ec6f71f-exec-4'), ('43:11', 'sparktc-17b6bd939ec6f71f-exec-5'), ('43:11', 'sparktc-17b6bd939ec6f71f-exec-6'), ('43:11', 'sparktc-17b6bd939ec6f71f-exec-7'), ('43:12', 'sparktc-17b6bd939ec6f71f-exec-8'), ('43:20', 'sparktc-17b6bd939ec6f71f-exec-1'), ('43:20', 'sparktc-17b6bd939ec6f71f-exec-2'), ('43:20', 'sparktc-17b6bd939ec6f71f-exec-3'), ('43:21', 'sparktc-17b6bd939ec6f71f-exec-4'), ('43:21', 'sparktc-17b6bd939ec6f71f-exec-5'), ('43:21', 'sparktc-17b6bd939ec6f71f-exec-6'), ('43:21', 'sparktc-17b6bd939ec6f71f-exec-7'), ('43:21', 'sparktc-17b6bd939ec6f71f-exec-8'), ('43:30', 'sparktc-17b6bd939ec6f71f-exec-1'), ('43:30', 'sparktc-17b6bd939ec6f71f-exec-2'), ('43:30', 'sparktc-17b6bd939ec6f71f-exec-3'), ('43:30', 'sparktc-17b6bd939ec6f71f-exec-4'), ('43:30', 'sparktc-17b6bd939ec6f71f-exec-5'), ('43:30', 'sparktc-17b6bd939ec6f71f-exec-6'), ('43:31', 'sparktc-17b6bd939ec6f71f-exec-7'), ('43:31', 'sparktc-17b6bd939ec6f71f-exec-8'), ('43:39', 'sparktc-17b6bd939ec6f71f-exec-1'), ('43:39', 'sparktc-17b6bd939ec6f71f-exec-2'), ('43:39', 'sparktc-17b6bd939ec6f71f-exec-3'), ('43:39', 'sparktc-17b6bd939ec6f71f-exec-4'), ('43:40', 'sparktc-17b6bd939ec6f71f-exec-5'), ('43:40', 'sparktc-17b6bd939ec6f71f-exec-6'), ('43:40', 'sparktc-17b6bd939ec6f71f-exec-7'), ('43:40', 'sparktc-17b6bd939ec6f71f-exec-8'), ('43:48', 'sparktc-17b6bd939ec6f71f-exec-1'), ('43:49', 'sparktc-17b6bd939ec6f71f-exec-2'), ('43:49', 'sparktc-17b6bd939ec6f71f-exec-3'), ('43:49', 'sparktc-17b6bd939ec6f71f-exec-4'), ('43:49', 'sparktc-17b6bd939ec6f71f-exec-5'), ('43:49', 'sparktc-17b6bd939ec6f71f-exec-6'), ('43:50', 'sparktc-17b6bd939ec6f71f-exec-7'), ('43:50', 'sparktc-17b6bd939ec6f71f-exec-8'), ('43:58', 'sparktc-17b6bd939ec6f71f-exec-1'), ('43:58', 'sparktc-17b6bd939ec6f71f-exec-2'), ('43:58', 'sparktc-17b6bd939ec6f71f-exec-3'), ('43:58', 'sparktc-17b6bd939ec6f71f-exec-4'), ('43:59', 'sparktc-17b6bd939ec6f71f-exec-5'), ('43:59', 'sparktc-17b6bd939ec6f71f-exec-6'), ('43:59', 'sparktc-17b6bd939ec6f71f-exec-7'), ('43:59', 'sparktc-17b6bd939ec6f71f-exec-8'), ('44:07', 'sparktc-17b6bd939ec6f71f-exec-1'), ('44:07', 'sparktc-17b6bd939ec6f71f-exec-2'), ('44:08', 'sparktc-17b6bd939ec6f71f-exec-3'), ('44:08', 'sparktc-17b6bd939ec6f71f-exec-4'), ('44:08', 'sparktc-17b6bd939ec6f71f-exec-5'), ('44:08', 'sparktc-17b6bd939ec6f71f-exec-6'), ('44:08', 'sparktc-17b6bd939ec6f71f-exec-7'), ('44:09', 'sparktc-17b6bd939ec6f71f-exec-8'), ('44:16', 'sparktc-17b6bd939ec6f71f-exec-1'), ('44:17', 'sparktc-17b6bd939ec6f71f-exec-2'), ('44:17', 'sparktc-17b6bd939ec6f71f-exec-3'), ('44:17', 'sparktc-17b6bd939ec6f71f-exec-4'), ('44:17', 'sparktc-17b6bd939ec6f71f-exec-5'), ('44:17', 'sparktc-17b6bd939ec6f71f-exec-6'), ('44:18', 'sparktc-17b6bd939ec6f71f-exec-7'), ('44:18', 'sparktc-17b6bd939ec6f71f-exec-8'), ('44:26', 'sparktc-17b6bd939ec6f71f-exec-1'), ('44:26', 'sparktc-17b6bd939ec6f71f-exec-2'), ('44:26', 'sparktc-17b6bd939ec6f71f-exec-3'), ('44:27', 'sparktc-17b6bd939ec6f71f-exec-4'), ('44:27', 'sparktc-17b6bd939ec6f71f-exec-5'), ('44:27', 'sparktc-17b6bd939ec6f71f-exec-6'), ('44:27', 'sparktc-17b6bd939ec6f71f-exec-7'), ('44:27', 'sparktc-17b6bd939ec6f71f-exec-8'), ('44:35', 'sparktc-17b6bd939ec6f71f-exec-1'), ('44:35', 'sparktc-17b6bd939ec6f71f-exec-2'), ('44:36', 'sparktc-17b6bd939ec6f71f-exec-3'), ('44:36', 'sparktc-17b6bd939ec6f71f-exec-4'), ('44:36', 'sparktc-17b6bd939ec6f71f-exec-5'), ('44:36', 'sparktc-17b6bd939ec6f71f-exec-6'), ('44:37', 'sparktc-17b6bd939ec6f71f-exec-7'), ('44:37', 'sparktc-17b6bd939ec6f71f-exec-8'), ('44:45', 'sparktc-17b6bd939ec6f71f-exec-1'), ('44:45', 'sparktc-17b6bd939ec6f71f-exec-2'), ('44:45', 'sparktc-17b6bd939ec6f71f-exec-3'), ('44:45', 'sparktc-17b6bd939ec6f71f-exec-4'), ('44:45', 'sparktc-17b6bd939ec6f71f-exec-5'), ('44:46', 'sparktc-17b6bd939ec6f71f-exec-6'), ('44:46', 'sparktc-17b6bd939ec6f71f-exec-7'), ('44:46', 'sparktc-17b6bd939ec6f71f-exec-8'), ('44:54', 'sparktc-17b6bd939ec6f71f-exec-1'), ('44:54', 'sparktc-17b6bd939ec6f71f-exec-2'), ('44:55', 'sparktc-17b6bd939ec6f71f-exec-3'), ('44:55', 'sparktc-17b6bd939ec6f71f-exec-4'), ('44:55', 'sparktc-17b6bd939ec6f71f-exec-5'), ('44:55', 'sparktc-17b6bd939ec6f71f-exec-6'), ('44:55', 'sparktc-17b6bd939ec6f71f-exec-7'), ('44:56', 'sparktc-17b6bd939ec6f71f-exec-8'), ('45:04', 'sparktc-17b6bd939ec6f71f-exec-1'), ('45:04', 'sparktc-17b6bd939ec6f71f-exec-2'), ('45:04', 'sparktc-17b6bd939ec6f71f-exec-3'), ('45:04', 'sparktc-17b6bd939ec6f71f-exec-4'), ('45:05', 'sparktc-17b6bd939ec6f71f-exec-5'), ('45:05', 'sparktc-17b6bd939ec6f71f-exec-6'), ('45:05', 'sparktc-17b6bd939ec6f71f-exec-7'), ('45:05', 'sparktc-17b6bd939ec6f71f-exec-8')]"
7,2024-12-07 01:40:17.342324,2024-12-07 01:46:38.896854,2462.5406666666763,"[('41:10', 'sparktc-fa9bae939ec7006d-exec-1'), ('41:13', 'sparktc-fa9bae939ec7006d-exec-1'), ('41:15', 'sparktc-fa9bae939ec7006d-exec-1'), ('41:17', 'sparktc-fa9bae939ec7006d-exec-1'), ('41:20', 'sparktc-fa9bae939ec7006d-exec-1'), ('41:23', 'sparktc-fa9bae939ec7006d-exec-1'), ('41:28', 'sparktc-fa9bae939ec7006d-exec-1'), ('41:28', 'sparktc-fa9bae939ec7006d-exec-2'), ('41:34', 'sparktc-fa9bae939ec7006d-exec-1'), ('41:34', 'sparktc-fa9bae939ec7006d-exec-2'), ('41:35', 'sparktc-fa9bae939ec7006d-exec-3'), ('41:42', 'sparktc-fa9bae939ec7006d-exec-1'), ('41:42', 'sparktc-fa9bae939ec7006d-exec-2'), ('41:42', 'sparktc-fa9bae939ec7006d-exec-3'), ('41:42', 'sparktc-fa9bae939ec7006d-exec-4'), ('41:43', 'sparktc-fa9bae939ec7006d-exec-5'), ('41:43', 'sparktc-fa9bae939ec7006d-exec-6'), ('41:51', 'sparktc-fa9bae939ec7006d-exec-1'), ('41:51', 'sparktc-fa9bae939ec7006d-exec-2'), ('41:52', 'sparktc-fa9bae939ec7006d-exec-3'), ('41:52', 'sparktc-fa9bae939ec7006d-exec-4'), ('41:52', 'sparktc-fa9bae939ec7006d-exec-5'), ('41:52', 'sparktc-fa9bae939ec7006d-exec-6'), ('41:52', 'sparktc-fa9bae939ec7006d-exec-7'), ('41:53', 'sparktc-fa9bae939ec7006d-exec-8'), ('42:00', 'sparktc-fa9bae939ec7006d-exec-1'), ('42:01', 'sparktc-fa9bae939ec7006d-exec-2'), ('42:01', 'sparktc-fa9bae939ec7006d-exec-3'), ('42:01', 'sparktc-fa9bae939ec7006d-exec-4'), ('42:01', 'sparktc-fa9bae939ec7006d-exec-5'), ('42:01', 'sparktc-fa9bae939ec7006d-exec-6'), ('42:02', 'sparktc-fa9bae939ec7006d-exec-7'), ('42:02', 'sparktc-fa9bae939ec7006d-exec-8'), ('42:10', 'sparktc-fa9bae939ec7006d-exec-1'), ('42:10', 'sparktc-fa9bae939ec7006d-exec-2'), ('42:10', 'sparktc-fa9bae939ec7006d-exec-3'), ('42:10', 'sparktc-fa9bae939ec7006d-exec-4'), ('42:11', 'sparktc-fa9bae939ec7006d-exec-5'), ('42:11', 'sparktc-fa9bae939ec7006d-exec-6'), ('42:11', 'sparktc-fa9bae939ec7006d-exec-7'), ('42:11', 'sparktc-fa9bae939ec7006d-exec-8'), ('42:19', 'sparktc-fa9bae939ec7006d-exec-1'), ('42:20', 'sparktc-fa9bae939ec7006d-exec-2'), ('42:20', 'sparktc-fa9bae939ec7006d-exec-3'), ('42:20', 'sparktc-fa9bae939ec7006d-exec-4'), ('42:20', 'sparktc-fa9bae939ec7006d-exec-5'), ('42:21', 'sparktc-fa9bae939ec7006d-exec-6'), ('42:21', 'sparktc-fa9bae939ec7006d-exec-7'), ('42:21', 'sparktc-fa9bae939ec7006d-exec-8'), ('42:29', 'sparktc-fa9bae939ec7006d-exec-1'), ('42:29', 'sparktc-fa9bae939ec7006d-exec-2'), ('42:29', 'sparktc-fa9bae939ec7006d-exec-3'), ('42:30', 'sparktc-fa9bae939ec7006d-exec-4'), ('42:30', 'sparktc-fa9bae939ec7006d-exec-5'), ('42:30', 'sparktc-fa9bae939ec7006d-exec-6'), ('42:30', 'sparktc-fa9bae939ec7006d-exec-7'), ('42:30', 'sparktc-fa9bae939ec7006d-exec-8'), ('42:38', 'sparktc-fa9bae939ec7006d-exec-1'), ('42:39', 'sparktc-fa9bae939ec7006d-exec-2'), ('42:39', 'sparktc-fa9bae939ec7006d-exec-3'), ('42:39', 'sparktc-fa9bae939ec7006d-exec-4'), ('42:39', 'sparktc-fa9bae939ec7006d-exec-5'), ('42:39', 'sparktc-fa9bae939ec7006d-exec-6'), ('42:40', 'sparktc-fa9bae939ec7006d-exec-7'), ('42:40', 'sparktc-fa9bae939ec7006d-exec-8'), ('42:48', 'sparktc-fa9bae939ec7006d-exec-1'), ('42:48', 'sparktc-fa9bae939ec7006d-exec-2'), ('42:48', 'sparktc-fa9bae939ec7006d-exec-3'), ('42:49', 'sparktc-fa9bae939ec7006d-exec-4'), ('42:49', 'sparktc-fa9bae939ec7006d-exec-5'), ('42:49', 'sparktc-fa9bae939ec7006d-exec-6'), ('42:49', 'sparktc-fa9bae939ec7006d-exec-7'), ('42:49', 'sparktc-fa9bae939ec7006d-exec-8'), ('42:58', 'sparktc-fa9bae939ec7006d-exec-1'), ('42:58', 'sparktc-fa9bae939ec7006d-exec-2'), ('42:58', 'sparktc-fa9bae939ec7006d-exec-3'), ('42:58', 'sparktc-fa9bae939ec7006d-exec-4'), ('42:58', 'sparktc-fa9bae939ec7006d-exec-5'), ('42:59', 'sparktc-fa9bae939ec7006d-exec-6'), ('42:59', 'sparktc-fa9bae939ec7006d-exec-7'), ('42:59', 'sparktc-fa9bae939ec7006d-exec-8'), ('43:07', 'sparktc-fa9bae939ec7006d-exec-1'), ('43:08', 'sparktc-fa9bae939ec7006d-exec-2'), ('43:08', 'sparktc-fa9bae939ec7006d-exec-3'), ('43:08', 'sparktc-fa9bae939ec7006d-exec-4'), ('43:08', 'sparktc-fa9bae939ec7006d-exec-5'), ('43:08', 'sparktc-fa9bae939ec7006d-exec-6'), ('43:09', 'sparktc-fa9bae939ec7006d-exec-7'), ('43:09', 'sparktc-fa9bae939ec7006d-exec-8'), ('43:17', 'sparktc-fa9bae939ec7006d-exec-1'), ('43:17', 'sparktc-fa9bae939ec7006d-exec-2'), ('43:17', 'sparktc-fa9bae939ec7006d-exec-3'), ('43:18', 'sparktc-fa9bae939ec7006d-exec-4'), ('43:18', 'sparktc-fa9bae939ec7006d-exec-5'), ('43:18', 'sparktc-fa9bae939ec7006d-exec-6'), ('43:18', 'sparktc-fa9bae939ec7006d-exec-7'), ('43:19', 'sparktc-fa9bae939ec7006d-exec-8'), ('43:27', 'sparktc-fa9bae939ec7006d-exec-1'), ('43:27', 'sparktc-fa9bae939ec7006d-exec-2'), ('43:27', 'sparktc-fa9bae939ec7006d-exec-3'), ('43:27', 'sparktc-fa9bae939ec7006d-exec-4'), ('43:28', 'sparktc-fa9bae939ec7006d-exec-5'), ('43:28', 'sparktc-fa9bae939ec7006d-exec-6'), ('43:28', 'sparktc-fa9bae939ec7006d-exec-7'), ('43:28', 'sparktc-fa9bae939ec7006d-exec-8'), ('43:36', 'sparktc-fa9bae939ec7006d-exec-1'), ('43:36', 'sparktc-fa9bae939ec7006d-exec-2'), ('43:36', 'sparktc-fa9bae939ec7006d-exec-3'), ('43:37', 'sparktc-fa9bae939ec7006d-exec-4'), ('43:37', 'sparktc-fa9bae939ec7006d-exec-5'), ('43:37', 'sparktc-fa9bae939ec7006d-exec-6'), ('43:37', 'sparktc-fa9bae939ec7006d-exec-7'), ('43:37', 'sparktc-fa9bae939ec7006d-exec-8'), ('43:46', 'sparktc-fa9bae939ec7006d-exec-1'), ('43:46', 'sparktc-fa9bae939ec7006d-exec-2'), ('43:46', 'sparktc-fa9bae939ec7006d-exec-3'), ('43:46', 'sparktc-fa9bae939ec7006d-exec-4'), ('43:46', 'sparktc-fa9bae939ec7006d-exec-5'), ('43:46', 'sparktc-fa9bae939ec7006d-exec-6'), ('43:47', 'sparktc-fa9bae939ec7006d-exec-7'), ('43:47', 'sparktc-fa9bae939ec7006d-exec-8'), ('43:55', 'sparktc-fa9bae939ec7006d-exec-1'), ('43:55', 'sparktc-fa9bae939ec7006d-exec-2'), ('43:55', 'sparktc-fa9bae939ec7006d-exec-3'), ('43:56', 'sparktc-fa9bae939ec7006d-exec-4'), ('43:56', 'sparktc-fa9bae939ec7006d-exec-5'), ('43:56', 'sparktc-fa9bae939ec7006d-exec-6'), ('43:56', 'sparktc-fa9bae939ec7006d-exec-7'), ('43:56', 'sparktc-fa9bae939ec7006d-exec-8'), ('44:04', 'sparktc-fa9bae939ec7006d-exec-1'), ('44:04', 'sparktc-fa9bae939ec7006d-exec-2'), ('44:05', 'sparktc-fa9bae939ec7006d-exec-3'), ('44:05', 'sparktc-fa9bae939ec7006d-exec-4'), ('44:05', 'sparktc-fa9bae939ec7006d-exec-5'), ('44:05', 'sparktc-fa9bae939ec7006d-exec-6'), ('44:06', 'sparktc-fa9bae939ec7006d-exec-7'), ('44:06', 'sparktc-fa9bae939ec7006d-exec-8'), ('44:14', 'sparktc-fa9bae939ec7006d-exec-1'), ('44:14', 'sparktc-fa9bae939ec7006d-exec-2'), ('44:14', 'sparktc-fa9bae939ec7006d-exec-3'), ('44:14', 'sparktc-fa9bae939ec7006d-exec-4'), ('44:14', 'sparktc-fa9bae939ec7006d-exec-5'), ('44:15', 'sparktc-fa9bae939ec7006d-exec-6'), ('44:15', 'sparktc-fa9bae939ec7006d-exec-7'), ('44:15', 'sparktc-fa9bae939ec7006d-exec-8'), ('44:23', 'sparktc-fa9bae939ec7006d-exec-1'), ('44:23', 'sparktc-fa9bae939ec7006d-exec-2'), ('44:23', 'sparktc-fa9bae939ec7006d-exec-3'), ('44:24', 'sparktc-fa9bae939ec7006d-exec-4'), ('44:24', 'sparktc-fa9bae939ec7006d-exec-5'), ('44:24', 'sparktc-fa9bae939ec7006d-exec-6'), ('44:24', 'sparktc-fa9bae939ec7006d-exec-7'), ('44:24', 'sparktc-fa9bae939ec7006d-exec-8'), ('44:32', 'sparktc-fa9bae939ec7006d-exec-1'), ('44:33', 'sparktc-fa9bae939ec7006d-exec-2'), ('44:33', 'sparktc-fa9bae939ec7006d-exec-3'), ('44:33', 'sparktc-fa9bae939ec7006d-exec-4'), ('44:33', 'sparktc-fa9bae939ec7006d-exec-5'), ('44:33', 'sparktc-fa9bae939ec7006d-exec-6'), ('44:34', 'sparktc-fa9bae939ec7006d-exec-7'), ('44:34', 'sparktc-fa9bae939ec7006d-exec-8'), ('44:42', 'sparktc-fa9bae939ec7006d-exec-1'), ('44:42', 'sparktc-fa9bae939ec7006d-exec-2'), ('44:42', 'sparktc-fa9bae939ec7006d-exec-3'), ('44:42', 'sparktc-fa9bae939ec7006d-exec-4'), ('44:43', 'sparktc-fa9bae939ec7006d-exec-5'), ('44:43', 'sparktc-fa9bae939ec7006d-exec-6'), ('44:43', 'sparktc-fa9bae939ec7006d-exec-7'), ('44:43', 'sparktc-fa9bae939ec7006d-exec-8'), ('44:51', 'sparktc-fa9bae939ec7006d-exec-1'), ('44:52', 'sparktc-fa9bae939ec7006d-exec-2'), ('44:52', 'sparktc-fa9bae939ec7006d-exec-3'), ('44:52', 'sparktc-fa9bae939ec7006d-exec-4'), ('44:52', 'sparktc-fa9bae939ec7006d-exec-5'), ('44:52', 'sparktc-fa9bae939ec7006d-exec-6'), ('44:53', 'sparktc-fa9bae939ec7006d-exec-7'), ('44:53', 'sparktc-fa9bae939ec7006d-exec-8'), ('45:01', 'sparktc-fa9bae939ec7006d-exec-1'), ('45:01', 'sparktc-fa9bae939ec7006d-exec-2'), ('45:01', 'sparktc-fa9bae939ec7006d-exec-3'), ('45:02', 'sparktc-fa9bae939ec7006d-exec-4'), ('45:02', 'sparktc-fa9bae939ec7006d-exec-5'), ('45:02', 'sparktc-fa9bae939ec7006d-exec-6'), ('45:02', 'sparktc-fa9bae939ec7006d-exec-7'), ('45:02', 'sparktc-fa9bae939ec7006d-exec-8'), ('45:11', 'sparktc-fa9bae939ec7006d-exec-1'), ('45:11', 'sparktc-fa9bae939ec7006d-exec-2'), ('45:11', 'sparktc-fa9bae939ec7006d-exec-3'), ('45:11', 'sparktc-fa9bae939ec7006d-exec-4'), ('45:12', 'sparktc-fa9bae939ec7006d-exec-5'), ('45:12', 'sparktc-fa9bae939ec7006d-exec-6'), ('45:12', 'sparktc-fa9bae939ec7006d-exec-7'), ('45:12', 'sparktc-fa9bae939ec7006d-exec-8'), ('45:20', 'sparktc-fa9bae939ec7006d-exec-1'), ('45:20', 'sparktc-fa9bae939ec7006d-exec-2'), ('45:20', 'sparktc-fa9bae939ec7006d-exec-3'), ('45:21', 'sparktc-fa9bae939ec7006d-exec-4'), ('45:21', 'sparktc-fa9bae939ec7006d-exec-5'), ('45:21', 'sparktc-fa9bae939ec7006d-exec-6'), ('45:21', 'sparktc-fa9bae939ec7006d-exec-7'), ('45:21', 'sparktc-fa9bae939ec7006d-exec-8'), ('45:28', 'sparktc-fa9bae939ec7006d-exec-1'), ('45:28', 'sparktc-fa9bae939ec7006d-exec-2'), ('45:28', 'sparktc-fa9bae939ec7006d-exec-3'), ('45:28', 'sparktc-fa9bae939ec7006d-exec-4'), ('45:29', 'sparktc-fa9bae939ec7006d-exec-5'), ('45:29', 'sparktc-fa9bae939ec7006d-exec-6'), ('45:29', 'sparktc-fa9bae939ec7006d-exec-7'), ('45:29', 'sparktc-fa9bae939ec7006d-exec-8'), ('45:36', 'sparktc-fa9bae939ec7006d-exec-1'), ('45:36', 'sparktc-fa9bae939ec7006d-exec-2'), ('45:36', 'sparktc-fa9bae939ec7006d-exec-3'), ('45:36', 'sparktc-fa9bae939ec7006d-exec-4'), ('45:36', 'sparktc-fa9bae939ec7006d-exec-5'), ('45:37', 'sparktc-fa9bae939ec7006d-exec-6'), ('45:37', 'sparktc-fa9bae939ec7006d-exec-7'), ('45:37', 'sparktc-fa9bae939ec7006d-exec-8'), ('45:41', 'sparktc-fa9bae939ec7006d-exec-1'), ('45:41', 'sparktc-fa9bae939ec7006d-exec-2'), ('45:41', 'sparktc-fa9bae939ec7006d-exec-3'), ('45:42', 'sparktc-fa9bae939ec7006d-exec-4'), ('45:42', 'sparktc-fa9bae939ec7006d-exec-5'), ('45:42', 'sparktc-fa9bae939ec7006d-exec-6'), ('45:42', 'sparktc-fa9bae939ec7006d-exec-7'), ('45:42', 'sparktc-fa9bae939ec7006d-exec-8'), ('45:45', 'sparktc-fa9bae939ec7006d-exec-1'), ('45:46', 'sparktc-fa9bae939ec7006d-exec-2'), ('45:46', 'sparktc-fa9bae939ec7006d-exec-3'), ('45:46', 'sparktc-fa9bae939ec7006d-exec-4'), ('45:46', 'sparktc-fa9bae939ec7006d-exec-5'), ('45:47', 'sparktc-fa9bae939ec7006d-exec-6'), ('45:47', 'sparktc-fa9bae939ec7006d-exec-7'), ('45:47', 'sparktc-fa9bae939ec7006d-exec-8'), ('45:51', 'sparktc-fa9bae939ec7006d-exec-1'), ('45:51', 'sparktc-fa9bae939ec7006d-exec-2'), ('45:51', 'sparktc-fa9bae939ec7006d-exec-3'), ('45:52', 'sparktc-fa9bae939ec7006d-exec-4'), ('45:52', 'sparktc-fa9bae939ec7006d-exec-5'), ('45:53', 'sparktc-fa9bae939ec7006d-exec-6'), ('45:53', 'sparktc-fa9bae939ec7006d-exec-7'), ('45:53', 'sparktc-fa9bae939ec7006d-exec-8'), ('45:56', 'sparktc-fa9bae939ec7006d-exec-1'), ('45:57', 'sparktc-fa9bae939ec7006d-exec-2'), ('45:57', 'sparktc-fa9bae939ec7006d-exec-3'), ('45:57', 'sparktc-fa9bae939ec7006d-exec-4'), ('45:57', 'sparktc-fa9bae939ec7006d-exec-5'), ('45:57', 'sparktc-fa9bae939ec7006d-exec-6'), ('45:58', 'sparktc-fa9bae939ec7006d-exec-7'), ('45:58', 'sparktc-fa9bae939ec7006d-exec-8'), ('46:01', 'sparktc-fa9bae939ec7006d-exec-1'), ('46:01', 'sparktc-fa9bae939ec7006d-exec-2'), ('46:01', 'sparktc-fa9bae939ec7006d-exec-3'), ('46:01', 'sparktc-fa9bae939ec7006d-exec-4'), ('46:02', 'sparktc-fa9bae939ec7006d-exec-5'), ('46:02', 'sparktc-fa9bae939ec7006d-exec-6'), ('46:02', 'sparktc-fa9bae939ec7006d-exec-7'), ('46:02', 'sparktc-fa9bae939ec7006d-exec-8'), ('46:06', 'sparktc-fa9bae939ec7006d-exec-1'), ('46:06', 'sparktc-fa9bae939ec7006d-exec-2'), ('46:06', 'sparktc-fa9bae939ec7006d-exec-3'), ('46:06', 'sparktc-fa9bae939ec7006d-exec-4'), ('46:06', 'sparktc-fa9bae939ec7006d-exec-5'), ('46:07', 'sparktc-fa9bae939ec7006d-exec-6'), ('46:07', 'sparktc-fa9bae939ec7006d-exec-7'), ('46:07', 'sparktc-fa9bae939ec7006d-exec-8'), ('46:10', 'sparktc-fa9bae939ec7006d-exec-1'), ('46:10', 'sparktc-fa9bae939ec7006d-exec-2'), ('46:11', 'sparktc-fa9bae939ec7006d-exec-3'), ('46:11', 'sparktc-fa9bae939ec7006d-exec-4'), ('46:11', 'sparktc-fa9bae939ec7006d-exec-5'), ('46:11', 'sparktc-fa9bae939ec7006d-exec-6'), ('46:12', 'sparktc-fa9bae939ec7006d-exec-7'), ('46:12', 'sparktc-fa9bae939ec7006d-exec-8'), ('46:16', 'sparktc-fa9bae939ec7006d-exec-1'), ('46:16', 'sparktc-fa9bae939ec7006d-exec-2'), ('46:16', 'sparktc-fa9bae939ec7006d-exec-3'), ('46:16', 'sparktc-fa9bae939ec7006d-exec-4'), ('46:16', 'sparktc-fa9bae939ec7006d-exec-5'), ('46:17', 'sparktc-fa9bae939ec7006d-exec-6'), ('46:17', 'sparktc-fa9bae939ec7006d-exec-7'), ('46:17', 'sparktc-fa9bae939ec7006d-exec-8'), ('46:21', 'sparktc-fa9bae939ec7006d-exec-1'), ('46:21', 'sparktc-fa9bae939ec7006d-exec-2'), ('46:21', 'sparktc-fa9bae939ec7006d-exec-3'), ('46:22', 'sparktc-fa9bae939ec7006d-exec-4'), ('46:22', 'sparktc-fa9bae939ec7006d-exec-5'), ('46:22', 'sparktc-fa9bae939ec7006d-exec-6'), ('46:22', 'sparktc-fa9bae939ec7006d-exec-7'), ('46:23', 'sparktc-fa9bae939ec7006d-exec-8'), ('46:27', 'sparktc-fa9bae939ec7006d-exec-1'), ('46:27', 'sparktc-fa9bae939ec7006d-exec-2'), ('46:27', 'sparktc-fa9bae939ec7006d-exec-3'), ('46:28', 'sparktc-fa9bae939ec7006d-exec-4'), ('46:28', 'sparktc-fa9bae939ec7006d-exec-5'), ('46:28', 'sparktc-fa9bae939ec7006d-exec-6'), ('46:28', 'sparktc-fa9bae939ec7006d-exec-7'), ('46:29', 'sparktc-fa9bae939ec7006d-exec-8')]"
8,2024-12-07 01:40:17.873241,2024-12-07 01:45:43.943678,1800.3700000000022,"[('41:08', 'sparktc-f679eb939ec6fd4c-exec-1'), ('41:10', 'sparktc-f679eb939ec6fd4c-exec-1'), ('41:12', 'sparktc-f679eb939ec6fd4c-exec-1'), ('41:15', 'sparktc-f679eb939ec6fd4c-exec-1'), ('41:17', 'sparktc-f679eb939ec6fd4c-exec-1'), ('41:20', 'sparktc-f679eb939ec6fd4c-exec-1'), ('41:23', 'sparktc-f679eb939ec6fd4c-exec-1'), ('41:27', 'sparktc-f679eb939ec6fd4c-exec-1'), ('41:27', 'sparktc-f679eb939ec6fd4c-exec-2'), ('41:33', 'sparktc-f679eb939ec6fd4c-exec-1'), ('41:33', 'sparktc-f679eb939ec6fd4c-exec-2'), ('41:33', 'sparktc-f679eb939ec6fd4c-exec-3'), ('41:41', 'sparktc-f679eb939ec6fd4c-exec-1'), ('41:41', 'sparktc-f679eb939ec6fd4c-exec-2'), ('41:41', 'sparktc-f679eb939ec6fd4c-exec-3'), ('41:42', 'sparktc-f679eb939ec6fd4c-exec-4'), ('41:49', 'sparktc-f679eb939ec6fd4c-exec-1'), ('41:50', 'sparktc-f679eb939ec6fd4c-exec-2'), ('41:50', 'sparktc-f679eb939ec6fd4c-exec-3'), ('41:50', 'sparktc-f679eb939ec6fd4c-exec-4'), ('41:50', 'sparktc-f679eb939ec6fd4c-exec-5'), ('41:51', 'sparktc-f679eb939ec6fd4c-exec-6'), ('41:51', 'sparktc-f679eb939ec6fd4c-exec-7'), ('41:51', 'sparktc-f679eb939ec6fd4c-exec-8'), ('41:59', 'sparktc-f679eb939ec6fd4c-exec-1'), ('41:59', 'sparktc-f679eb939ec6fd4c-exec-2'), ('41:59', 'sparktc-f679eb939ec6fd4c-exec-3'), ('41:59', 'sparktc-f679eb939ec6fd4c-exec-4'), ('42:00', 'sparktc-f679eb939ec6fd4c-exec-5'), ('42:00', 'sparktc-f679eb939ec6fd4c-exec-6'), ('42:00', 'sparktc-f679eb939ec6fd4c-exec-7'), ('42:00', 'sparktc-f679eb939ec6fd4c-exec-8'), ('42:08', 'sparktc-f679eb939ec6fd4c-exec-1'), ('42:08', 'sparktc-f679eb939ec6fd4c-exec-2'), ('42:09', 'sparktc-f679eb939ec6fd4c-exec-3'), ('42:09', 'sparktc-f679eb939ec6fd4c-exec-4'), ('42:09', 'sparktc-f679eb939ec6fd4c-exec-5'), ('42:09', 'sparktc-f679eb939ec6fd4c-exec-6'), ('42:09', 'sparktc-f679eb939ec6fd4c-exec-7'), ('42:10', 'sparktc-f679eb939ec6fd4c-exec-8'), ('42:18', 'sparktc-f679eb939ec6fd4c-exec-1'), ('42:18', 'sparktc-f679eb939ec6fd4c-exec-2'), ('42:18', 'sparktc-f679eb939ec6fd4c-exec-3'), ('42:18', 'sparktc-f679eb939ec6fd4c-exec-4'), ('42:18', 'sparktc-f679eb939ec6fd4c-exec-5'), ('42:19', 'sparktc-f679eb939ec6fd4c-exec-6'), ('42:19', 'sparktc-f679eb939ec6fd4c-exec-7'), ('42:19', 'sparktc-f679eb939ec6fd4c-exec-8'), ('42:27', 'sparktc-f679eb939ec6fd4c-exec-1'), ('42:27', 'sparktc-f679eb939ec6fd4c-exec-2'), ('42:28', 'sparktc-f679eb939ec6fd4c-exec-3'), ('42:28', 'sparktc-f679eb939ec6fd4c-exec-4'), ('42:28', 'sparktc-f679eb939ec6fd4c-exec-5'), ('42:28', 'sparktc-f679eb939ec6fd4c-exec-6'), ('42:29', 'sparktc-f679eb939ec6fd4c-exec-7'), ('42:29', 'sparktc-f679eb939ec6fd4c-exec-8'), ('42:37', 'sparktc-f679eb939ec6fd4c-exec-1'), ('42:37', 'sparktc-f679eb939ec6fd4c-exec-2'), ('42:37', 'sparktc-f679eb939ec6fd4c-exec-3'), ('42:37', 'sparktc-f679eb939ec6fd4c-exec-4'), ('42:38', 'sparktc-f679eb939ec6fd4c-exec-5'), ('42:38', 'sparktc-f679eb939ec6fd4c-exec-6'), ('42:38', 'sparktc-f679eb939ec6fd4c-exec-7'), ('42:38', 'sparktc-f679eb939ec6fd4c-exec-8'), ('42:46', 'sparktc-f679eb939ec6fd4c-exec-1'), ('42:47', 'sparktc-f679eb939ec6fd4c-exec-2'), ('42:47', 'sparktc-f679eb939ec6fd4c-exec-3'), ('42:47', 'sparktc-f679eb939ec6fd4c-exec-4'), ('42:47', 'sparktc-f679eb939ec6fd4c-exec-5'), ('42:47', 'sparktc-f679eb939ec6fd4c-exec-6'), ('42:48', 'sparktc-f679eb939ec6fd4c-exec-7'), ('42:48', 'sparktc-f679eb939ec6fd4c-exec-8'), ('42:56', 'sparktc-f679eb939ec6fd4c-exec-1'), ('42:56', 'sparktc-f679eb939ec6fd4c-exec-2'), ('42:56', 'sparktc-f679eb939ec6fd4c-exec-3'), ('42:56', 'sparktc-f679eb939ec6fd4c-exec-4'), ('42:57', 'sparktc-f679eb939ec6fd4c-exec-5'), ('42:57', 'sparktc-f679eb939ec6fd4c-exec-6'), ('42:57', 'sparktc-f679eb939ec6fd4c-exec-7'), ('42:57', 'sparktc-f679eb939ec6fd4c-exec-8'), ('43:06', 'sparktc-f679eb939ec6fd4c-exec-1'), ('43:06', 'sparktc-f679eb939ec6fd4c-exec-2'), ('43:06', 'sparktc-f679eb939ec6fd4c-exec-3'), ('43:06', 'sparktc-f679eb939ec6fd4c-exec-4'), ('43:07', 'sparktc-f679eb939ec6fd4c-exec-5'), ('43:07', 'sparktc-f679eb939ec6fd4c-exec-6'), ('43:07', 'sparktc-f679eb939ec6fd4c-exec-7'), ('43:07', 'sparktc-f679eb939ec6fd4c-exec-8'), ('43:15', 'sparktc-f679eb939ec6fd4c-exec-1'), ('43:15', 'sparktc-f679eb939ec6fd4c-exec-2'), ('43:16', 'sparktc-f679eb939ec6fd4c-exec-3'), ('43:16', 'sparktc-f679eb939ec6fd4c-exec-4'), ('43:16', 'sparktc-f679eb939ec6fd4c-exec-5'), ('43:16', 'sparktc-f679eb939ec6fd4c-exec-6'), ('43:17', 'sparktc-f679eb939ec6fd4c-exec-7'), ('43:17', 'sparktc-f679eb939ec6fd4c-exec-8'), ('43:25', 'sparktc-f679eb939ec6fd4c-exec-1'), ('43:25', 'sparktc-f679eb939ec6fd4c-exec-2'), ('43:25', 'sparktc-f679eb939ec6fd4c-exec-3'), ('43:26', 'sparktc-f679eb939ec6fd4c-exec-4'), ('43:26', 'sparktc-f679eb939ec6fd4c-exec-5'), ('43:26', 'sparktc-f679eb939ec6fd4c-exec-6'), ('43:26', 'sparktc-f679eb939ec6fd4c-exec-7'), ('43:26', 'sparktc-f679eb939ec6fd4c-exec-8'), ('43:34', 'sparktc-f679eb939ec6fd4c-exec-1'), ('43:34', 'sparktc-f679eb939ec6fd4c-exec-2'), ('43:35', 'sparktc-f679eb939ec6fd4c-exec-3'), ('43:35', 'sparktc-f679eb939ec6fd4c-exec-4'), ('43:35', 'sparktc-f679eb939ec6fd4c-exec-5'), ('43:35', 'sparktc-f679eb939ec6fd4c-exec-6'), ('43:36', 'sparktc-f679eb939ec6fd4c-exec-7'), ('43:36', 'sparktc-f679eb939ec6fd4c-exec-8'), ('43:44', 'sparktc-f679eb939ec6fd4c-exec-1'), ('43:44', 'sparktc-f679eb939ec6fd4c-exec-2'), ('43:44', 'sparktc-f679eb939ec6fd4c-exec-3'), ('43:44', 'sparktc-f679eb939ec6fd4c-exec-4'), ('43:45', 'sparktc-f679eb939ec6fd4c-exec-5'), ('43:45', 'sparktc-f679eb939ec6fd4c-exec-6'), ('43:45', 'sparktc-f679eb939ec6fd4c-exec-7'), ('43:45', 'sparktc-f679eb939ec6fd4c-exec-8'), ('43:53', 'sparktc-f679eb939ec6fd4c-exec-1'), ('43:53', 'sparktc-f679eb939ec6fd4c-exec-2'), ('43:54', 'sparktc-f679eb939ec6fd4c-exec-3'), ('43:54', 'sparktc-f679eb939ec6fd4c-exec-4'), ('43:54', 'sparktc-f679eb939ec6fd4c-exec-5'), ('43:54', 'sparktc-f679eb939ec6fd4c-exec-6'), ('43:55', 'sparktc-f679eb939ec6fd4c-exec-7'), ('43:55', 'sparktc-f679eb939ec6fd4c-exec-8'), ('44:03', 'sparktc-f679eb939ec6fd4c-exec-1'), ('44:03', 'sparktc-f679eb939ec6fd4c-exec-2'), ('44:03', 'sparktc-f679eb939ec6fd4c-exec-3'), ('44:03', 'sparktc-f679eb939ec6fd4c-exec-4'), ('44:03', 'sparktc-f679eb939ec6fd4c-exec-5'), ('44:04', 'sparktc-f679eb939ec6fd4c-exec-6'), ('44:04', 'sparktc-f679eb939ec6fd4c-exec-7'), ('44:04', 'sparktc-f679eb939ec6fd4c-exec-8'), ('44:12', 'sparktc-f679eb939ec6fd4c-exec-1'), ('44:12', 'sparktc-f679eb939ec6fd4c-exec-2'), ('44:12', 'sparktc-f679eb939ec6fd4c-exec-3'), ('44:13', 'sparktc-f679eb939ec6fd4c-exec-4'), ('44:13', 'sparktc-f679eb939ec6fd4c-exec-5'), ('44:13', 'sparktc-f679eb939ec6fd4c-exec-6'), ('44:13', 'sparktc-f679eb939ec6fd4c-exec-7'), ('44:13', 'sparktc-f679eb939ec6fd4c-exec-8'), ('44:21', 'sparktc-f679eb939ec6fd4c-exec-1'), ('44:22', 'sparktc-f679eb939ec6fd4c-exec-2'), ('44:22', 'sparktc-f679eb939ec6fd4c-exec-3'), ('44:22', 'sparktc-f679eb939ec6fd4c-exec-4'), ('44:22', 'sparktc-f679eb939ec6fd4c-exec-5'), ('44:22', 'sparktc-f679eb939ec6fd4c-exec-6'), ('44:23', 'sparktc-f679eb939ec6fd4c-exec-7'), ('44:23', 'sparktc-f679eb939ec6fd4c-exec-8'), ('44:31', 'sparktc-f679eb939ec6fd4c-exec-1'), ('44:31', 'sparktc-f679eb939ec6fd4c-exec-2'), ('44:31', 'sparktc-f679eb939ec6fd4c-exec-3'), ('44:31', 'sparktc-f679eb939ec6fd4c-exec-4'), ('44:32', 'sparktc-f679eb939ec6fd4c-exec-5'), ('44:32', 'sparktc-f679eb939ec6fd4c-exec-6'), ('44:32', 'sparktc-f679eb939ec6fd4c-exec-7'), ('44:32', 'sparktc-f679eb939ec6fd4c-exec-8'), ('44:40', 'sparktc-f679eb939ec6fd4c-exec-1'), ('44:40', 'sparktc-f679eb939ec6fd4c-exec-2'), ('44:41', 'sparktc-f679eb939ec6fd4c-exec-3'), ('44:41', 'sparktc-f679eb939ec6fd4c-exec-4'), ('44:41', 'sparktc-f679eb939ec6fd4c-exec-5'), ('44:41', 'sparktc-f679eb939ec6fd4c-exec-6'), ('44:41', 'sparktc-f679eb939ec6fd4c-exec-7'), ('44:42', 'sparktc-f679eb939ec6fd4c-exec-8'), ('44:50', 'sparktc-f679eb939ec6fd4c-exec-1'), ('44:50', 'sparktc-f679eb939ec6fd4c-exec-2'), ('44:50', 'sparktc-f679eb939ec6fd4c-exec-3'), ('44:50', 'sparktc-f679eb939ec6fd4c-exec-4'), ('44:51', 'sparktc-f679eb939ec6fd4c-exec-5'), ('44:51', 'sparktc-f679eb939ec6fd4c-exec-6'), ('44:51', 'sparktc-f679eb939ec6fd4c-exec-7'), ('44:51', 'sparktc-f679eb939ec6fd4c-exec-8'), ('44:59', 'sparktc-f679eb939ec6fd4c-exec-1'), ('44:59', 'sparktc-f679eb939ec6fd4c-exec-2'), ('45:00', 'sparktc-f679eb939ec6fd4c-exec-3'), ('45:00', 'sparktc-f679eb939ec6fd4c-exec-4'), ('45:00', 'sparktc-f679eb939ec6fd4c-exec-5'), ('45:00', 'sparktc-f679eb939ec6fd4c-exec-6'), ('45:01', 'sparktc-f679eb939ec6fd4c-exec-7'), ('45:01', 'sparktc-f679eb939ec6fd4c-exec-8'), ('45:09', 'sparktc-f679eb939ec6fd4c-exec-1'), ('45:09', 'sparktc-f679eb939ec6fd4c-exec-2'), ('45:09', 'sparktc-f679eb939ec6fd4c-exec-3'), ('45:10', 'sparktc-f679eb939ec6fd4c-exec-4'), ('45:10', 'sparktc-f679eb939ec6fd4c-exec-5'), ('45:10', 'sparktc-f679eb939ec6fd4c-exec-6'), ('45:10', 'sparktc-f679eb939ec6fd4c-exec-7'), ('45:10', 'sparktc-f679eb939ec6fd4c-exec-8'), ('45:18', 'sparktc-f679eb939ec6fd4c-exec-1'), ('45:18', 'sparktc-f679eb939ec6fd4c-exec-2'), ('45:18', 'sparktc-f679eb939ec6fd4c-exec-3'), ('45:18', 'sparktc-f679eb939ec6fd4c-exec-4'), ('45:19', 'sparktc-f679eb939ec6fd4c-exec-5'), ('45:19', 'sparktc-f679eb939ec6fd4c-exec-6'), ('45:19', 'sparktc-f679eb939ec6fd4c-exec-7'), ('45:19', 'sparktc-f679eb939ec6fd4c-exec-8'), ('45:26', 'sparktc-f679eb939ec6fd4c-exec-1'), ('45:26', 'sparktc-f679eb939ec6fd4c-exec-2'), ('45:27', 'sparktc-f679eb939ec6fd4c-exec-3'), ('45:27', 'sparktc-f679eb939ec6fd4c-exec-4'), ('45:27', 'sparktc-f679eb939ec6fd4c-exec-5'), ('45:27', 'sparktc-f679eb939ec6fd4c-exec-6'), ('45:27', 'sparktc-f679eb939ec6fd4c-exec-7'), ('45:28', 'sparktc-f679eb939ec6fd4c-exec-8'), ('45:34', 'sparktc-f679eb939ec6fd4c-exec-1'), ('45:34', 'sparktc-f679eb939ec6fd4c-exec-2'), ('45:34', 'sparktc-f679eb939ec6fd4c-exec-3'), ('45:35', 'sparktc-f679eb939ec6fd4c-exec-4'), ('45:35', 'sparktc-f679eb939ec6fd4c-exec-5'), ('45:35', 'sparktc-f679eb939ec6fd4c-exec-6'), ('45:35', 'sparktc-f679eb939ec6fd4c-exec-7'), ('45:35', 'sparktc-f679eb939ec6fd4c-exec-8')]"
9,2024-12-07 01:40:18.409183,2024-12-07 01:45:43.944223,1825.391333333335,"[('41:08', 'sparktc-966b91939ec6fa6a-exec-1'), ('41:10', 'sparktc-966b91939ec6fa6a-exec-1'), ('41:12', 'sparktc-966b91939ec6fa6a-exec-1'), ('41:15', 'sparktc-966b91939ec6fa6a-exec-1'), ('41:17', 'sparktc-966b91939ec6fa6a-exec-1'), ('41:20', 'sparktc-966b91939ec6fa6a-exec-1'), ('41:23', 'sparktc-966b91939ec6fa6a-exec-1'), ('41:26', 'sparktc-966b91939ec6fa6a-exec-1'), ('41:27', 'sparktc-966b91939ec6fa6a-exec-2'), ('41:27', 'sparktc-966b91939ec6fa6a-exec-3'), ('41:32', 'sparktc-966b91939ec6fa6a-exec-1'), ('41:32', 'sparktc-966b91939ec6fa6a-exec-2'), ('41:32', 'sparktc-966b91939ec6fa6a-exec-3'), ('41:32', 'sparktc-966b91939ec6fa6a-exec-4'), ('41:40', 'sparktc-966b91939ec6fa6a-exec-1'), ('41:40', 'sparktc-966b91939ec6fa6a-exec-2'), ('41:40', 'sparktc-966b91939ec6fa6a-exec-3'), ('41:41', 'sparktc-966b91939ec6fa6a-exec-4'), ('41:41', 'sparktc-966b91939ec6fa6a-exec-5'), ('41:48', 'sparktc-966b91939ec6fa6a-exec-1'), ('41:48', 'sparktc-966b91939ec6fa6a-exec-2'), ('41:48', 'sparktc-966b91939ec6fa6a-exec-3'), ('41:48', 'sparktc-966b91939ec6fa6a-exec-4'), ('41:49', 'sparktc-966b91939ec6fa6a-exec-5'), ('41:49', 'sparktc-966b91939ec6fa6a-exec-6'), ('41:49', 'sparktc-966b91939ec6fa6a-exec-7'), ('41:49', 'sparktc-966b91939ec6fa6a-exec-8'), ('41:57', 'sparktc-966b91939ec6fa6a-exec-1'), ('41:57', 'sparktc-966b91939ec6fa6a-exec-2'), ('41:58', 'sparktc-966b91939ec6fa6a-exec-3'), ('41:58', 'sparktc-966b91939ec6fa6a-exec-4'), ('41:58', 'sparktc-966b91939ec6fa6a-exec-5'), ('41:58', 'sparktc-966b91939ec6fa6a-exec-6'), ('41:58', 'sparktc-966b91939ec6fa6a-exec-7'), ('41:59', 'sparktc-966b91939ec6fa6a-exec-8'), ('42:07', 'sparktc-966b91939ec6fa6a-exec-1'), ('42:07', 'sparktc-966b91939ec6fa6a-exec-2'), ('42:07', 'sparktc-966b91939ec6fa6a-exec-3'), ('42:07', 'sparktc-966b91939ec6fa6a-exec-4'), ('42:07', 'sparktc-966b91939ec6fa6a-exec-5'), ('42:08', 'sparktc-966b91939ec6fa6a-exec-6'), ('42:08', 'sparktc-966b91939ec6fa6a-exec-7'), ('42:08', 'sparktc-966b91939ec6fa6a-exec-8'), ('42:16', 'sparktc-966b91939ec6fa6a-exec-1'), ('42:16', 'sparktc-966b91939ec6fa6a-exec-2'), ('42:16', 'sparktc-966b91939ec6fa6a-exec-3'), ('42:17', 'sparktc-966b91939ec6fa6a-exec-4'), ('42:17', 'sparktc-966b91939ec6fa6a-exec-5'), ('42:17', 'sparktc-966b91939ec6fa6a-exec-6'), ('42:17', 'sparktc-966b91939ec6fa6a-exec-7'), ('42:17', 'sparktc-966b91939ec6fa6a-exec-8'), ('42:26', 'sparktc-966b91939ec6fa6a-exec-1'), ('42:26', 'sparktc-966b91939ec6fa6a-exec-2'), ('42:26', 'sparktc-966b91939ec6fa6a-exec-3'), ('42:26', 'sparktc-966b91939ec6fa6a-exec-4'), ('42:27', 'sparktc-966b91939ec6fa6a-exec-5'), ('42:27', 'sparktc-966b91939ec6fa6a-exec-6'), ('42:27', 'sparktc-966b91939ec6fa6a-exec-7'), ('42:27', 'sparktc-966b91939ec6fa6a-exec-8'), ('42:35', 'sparktc-966b91939ec6fa6a-exec-1'), ('42:35', 'sparktc-966b91939ec6fa6a-exec-2'), ('42:36', 'sparktc-966b91939ec6fa6a-exec-3'), ('42:36', 'sparktc-966b91939ec6fa6a-exec-4'), ('42:36', 'sparktc-966b91939ec6fa6a-exec-5'), ('42:36', 'sparktc-966b91939ec6fa6a-exec-6'), ('42:36', 'sparktc-966b91939ec6fa6a-exec-7'), ('42:37', 'sparktc-966b91939ec6fa6a-exec-8'), ('42:45', 'sparktc-966b91939ec6fa6a-exec-1'), ('42:45', 'sparktc-966b91939ec6fa6a-exec-2'), ('42:45', 'sparktc-966b91939ec6fa6a-exec-3'), ('42:45', 'sparktc-966b91939ec6fa6a-exec-4'), ('42:46', 'sparktc-966b91939ec6fa6a-exec-5'), ('42:46', 'sparktc-966b91939ec6fa6a-exec-6'), ('42:46', 'sparktc-966b91939ec6fa6a-exec-7'), ('42:46', 'sparktc-966b91939ec6fa6a-exec-8'), ('42:54', 'sparktc-966b91939ec6fa6a-exec-1'), ('42:54', 'sparktc-966b91939ec6fa6a-exec-2'), ('42:55', 'sparktc-966b91939ec6fa6a-exec-3'), ('42:55', 'sparktc-966b91939ec6fa6a-exec-4'), ('42:55', 'sparktc-966b91939ec6fa6a-exec-5'), ('42:55', 'sparktc-966b91939ec6fa6a-exec-6'), ('42:55', 'sparktc-966b91939ec6fa6a-exec-7'), ('42:56', 'sparktc-966b91939ec6fa6a-exec-8'), ('43:04', 'sparktc-966b91939ec6fa6a-exec-1'), ('43:04', 'sparktc-966b91939ec6fa6a-exec-2'), ('43:04', 'sparktc-966b91939ec6fa6a-exec-3'), ('43:05', 'sparktc-966b91939ec6fa6a-exec-4'), ('43:05', 'sparktc-966b91939ec6fa6a-exec-5'), ('43:05', 'sparktc-966b91939ec6fa6a-exec-6'), ('43:05', 'sparktc-966b91939ec6fa6a-exec-7'), ('43:05', 'sparktc-966b91939ec6fa6a-exec-8'), ('43:14', 'sparktc-966b91939ec6fa6a-exec-1'), ('43:14', 'sparktc-966b91939ec6fa6a-exec-2'), ('43:14', 'sparktc-966b91939ec6fa6a-exec-3'), ('43:14', 'sparktc-966b91939ec6fa6a-exec-4'), ('43:14', 'sparktc-966b91939ec6fa6a-exec-5'), ('43:15', 'sparktc-966b91939ec6fa6a-exec-6'), ('43:15', 'sparktc-966b91939ec6fa6a-exec-7'), ('43:15', 'sparktc-966b91939ec6fa6a-exec-8'), ('43:23', 'sparktc-966b91939ec6fa6a-exec-1'), ('43:23', 'sparktc-966b91939ec6fa6a-exec-2'), ('43:24', 'sparktc-966b91939ec6fa6a-exec-3'), ('43:24', 'sparktc-966b91939ec6fa6a-exec-4'), ('43:24', 'sparktc-966b91939ec6fa6a-exec-5'), ('43:24', 'sparktc-966b91939ec6fa6a-exec-6'), ('43:25', 'sparktc-966b91939ec6fa6a-exec-7'), ('43:25', 'sparktc-966b91939ec6fa6a-exec-8'), ('43:33', 'sparktc-966b91939ec6fa6a-exec-1'), ('43:33', 'sparktc-966b91939ec6fa6a-exec-2'), ('43:33', 'sparktc-966b91939ec6fa6a-exec-3'), ('43:33', 'sparktc-966b91939ec6fa6a-exec-4'), ('43:33', 'sparktc-966b91939ec6fa6a-exec-5'), ('43:34', 'sparktc-966b91939ec6fa6a-exec-6'), ('43:34', 'sparktc-966b91939ec6fa6a-exec-7'), ('43:34', 'sparktc-966b91939ec6fa6a-exec-8'), ('43:42', 'sparktc-966b91939ec6fa6a-exec-1'), ('43:42', 'sparktc-966b91939ec6fa6a-exec-2'), ('43:42', 'sparktc-966b91939ec6fa6a-exec-3'), ('43:43', 'sparktc-966b91939ec6fa6a-exec-4'), ('43:43', 'sparktc-966b91939ec6fa6a-exec-5'), ('43:43', 'sparktc-966b91939ec6fa6a-exec-6'), ('43:43', 'sparktc-966b91939ec6fa6a-exec-7'), ('43:44', 'sparktc-966b91939ec6fa6a-exec-8'), ('43:52', 'sparktc-966b91939ec6fa6a-exec-1'), ('43:52', 'sparktc-966b91939ec6fa6a-exec-2'), ('43:52', 'sparktc-966b91939ec6fa6a-exec-3'), ('43:52', 'sparktc-966b91939ec6fa6a-exec-4'), ('43:53', 'sparktc-966b91939ec6fa6a-exec-5'), ('43:53', 'sparktc-966b91939ec6fa6a-exec-6'), ('43:53', 'sparktc-966b91939ec6fa6a-exec-7'), ('43:53', 'sparktc-966b91939ec6fa6a-exec-8'), ('44:01', 'sparktc-966b91939ec6fa6a-exec-1'), ('44:01', 'sparktc-966b91939ec6fa6a-exec-2'), ('44:01', 'sparktc-966b91939ec6fa6a-exec-3'), ('44:02', 'sparktc-966b91939ec6fa6a-exec-4'), ('44:02', 'sparktc-966b91939ec6fa6a-exec-5'), ('44:02', 'sparktc-966b91939ec6fa6a-exec-6'), ('44:02', 'sparktc-966b91939ec6fa6a-exec-7'), ('44:02', 'sparktc-966b91939ec6fa6a-exec-8'), ('44:10', 'sparktc-966b91939ec6fa6a-exec-1'), ('44:11', 'sparktc-966b91939ec6fa6a-exec-2'), ('44:11', 'sparktc-966b91939ec6fa6a-exec-3'), ('44:11', 'sparktc-966b91939ec6fa6a-exec-4'), ('44:11', 'sparktc-966b91939ec6fa6a-exec-5'), ('44:11', 'sparktc-966b91939ec6fa6a-exec-6'), ('44:12', 'sparktc-966b91939ec6fa6a-exec-7'), ('44:12', 'sparktc-966b91939ec6fa6a-exec-8'), ('44:20', 'sparktc-966b91939ec6fa6a-exec-1'), ('44:20', 'sparktc-966b91939ec6fa6a-exec-2'), ('44:20', 'sparktc-966b91939ec6fa6a-exec-3'), ('44:20', 'sparktc-966b91939ec6fa6a-exec-4'), ('44:21', 'sparktc-966b91939ec6fa6a-exec-5'), ('44:21', 'sparktc-966b91939ec6fa6a-exec-6'), ('44:21', 'sparktc-966b91939ec6fa6a-exec-7'), ('44:21', 'sparktc-966b91939ec6fa6a-exec-8'), ('44:29', 'sparktc-966b91939ec6fa6a-exec-1'), ('44:29', 'sparktc-966b91939ec6fa6a-exec-2'), ('44:30', 'sparktc-966b91939ec6fa6a-exec-3'), ('44:30', 'sparktc-966b91939ec6fa6a-exec-4'), ('44:30', 'sparktc-966b91939ec6fa6a-exec-5'), ('44:30', 'sparktc-966b91939ec6fa6a-exec-6'), ('44:30', 'sparktc-966b91939ec6fa6a-exec-7'), ('44:31', 'sparktc-966b91939ec6fa6a-exec-8'), ('44:39', 'sparktc-966b91939ec6fa6a-exec-1'), ('44:39', 'sparktc-966b91939ec6fa6a-exec-2'), ('44:39', 'sparktc-966b91939ec6fa6a-exec-3'), ('44:39', 'sparktc-966b91939ec6fa6a-exec-4'), ('44:39', 'sparktc-966b91939ec6fa6a-exec-5'), ('44:40', 'sparktc-966b91939ec6fa6a-exec-6'), ('44:40', 'sparktc-966b91939ec6fa6a-exec-7'), ('44:40', 'sparktc-966b91939ec6fa6a-exec-8'), ('44:48', 'sparktc-966b91939ec6fa6a-exec-1'), ('44:48', 'sparktc-966b91939ec6fa6a-exec-2'), ('44:48', 'sparktc-966b91939ec6fa6a-exec-3'), ('44:49', 'sparktc-966b91939ec6fa6a-exec-4'), ('44:49', 'sparktc-966b91939ec6fa6a-exec-5'), ('44:49', 'sparktc-966b91939ec6fa6a-exec-6'), ('44:49', 'sparktc-966b91939ec6fa6a-exec-7'), ('44:50', 'sparktc-966b91939ec6fa6a-exec-8'), ('44:58', 'sparktc-966b91939ec6fa6a-exec-1'), ('44:58', 'sparktc-966b91939ec6fa6a-exec-2'), ('44:58', 'sparktc-966b91939ec6fa6a-exec-3'), ('44:58', 'sparktc-966b91939ec6fa6a-exec-4'), ('44:58', 'sparktc-966b91939ec6fa6a-exec-5'), ('44:59', 'sparktc-966b91939ec6fa6a-exec-6'), ('44:59', 'sparktc-966b91939ec6fa6a-exec-7'), ('44:59', 'sparktc-966b91939ec6fa6a-exec-8'), ('45:07', 'sparktc-966b91939ec6fa6a-exec-1'), ('45:07', 'sparktc-966b91939ec6fa6a-exec-2'), ('45:08', 'sparktc-966b91939ec6fa6a-exec-3'), ('45:08', 'sparktc-966b91939ec6fa6a-exec-4'), ('45:08', 'sparktc-966b91939ec6fa6a-exec-5'), ('45:08', 'sparktc-966b91939ec6fa6a-exec-6'), ('45:08', 'sparktc-966b91939ec6fa6a-exec-7'), ('45:09', 'sparktc-966b91939ec6fa6a-exec-8'), ('45:16', 'sparktc-966b91939ec6fa6a-exec-1'), ('45:16', 'sparktc-966b91939ec6fa6a-exec-2'), ('45:16', 'sparktc-966b91939ec6fa6a-exec-3'), ('45:17', 'sparktc-966b91939ec6fa6a-exec-4'), ('45:17', 'sparktc-966b91939ec6fa6a-exec-5'), ('45:17', 'sparktc-966b91939ec6fa6a-exec-6'), ('45:17', 'sparktc-966b91939ec6fa6a-exec-7'), ('45:18', 'sparktc-966b91939ec6fa6a-exec-8'), ('45:24', 'sparktc-966b91939ec6fa6a-exec-1'), ('45:25', 'sparktc-966b91939ec6fa6a-exec-2'), ('45:25', 'sparktc-966b91939ec6fa6a-exec-3'), ('45:25', 'sparktc-966b91939ec6fa6a-exec-4'), ('45:25', 'sparktc-966b91939ec6fa6a-exec-5'), ('45:26', 'sparktc-966b91939ec6fa6a-exec-6'), ('45:26', 'sparktc-966b91939ec6fa6a-exec-7'), ('45:26', 'sparktc-966b91939ec6fa6a-exec-8'), ('45:32', 'sparktc-966b91939ec6fa6a-exec-1'), ('45:32', 'sparktc-966b91939ec6fa6a-exec-2'), ('45:33', 'sparktc-966b91939ec6fa6a-exec-3'), ('45:33', 'sparktc-966b91939ec6fa6a-exec-4'), ('45:33', 'sparktc-966b91939ec6fa6a-exec-5'), ('45:33', 'sparktc-966b91939ec6fa6a-exec-6'), ('45:34', 'sparktc-966b91939ec6fa6a-exec-7'), ('45:34', 'sparktc-966b91939ec6fa6a-exec-8')]"
10,2024-12-07 01:45:13.592887,2024-12-07 01:50:30.735182,2023.3106666666697,"[('45:41', 'sparktc-95a5ff939ecb0858-exec-1'), ('45:45', 'sparktc-95a5ff939ecb0858-exec-1'), ('45:49', 'sparktc-95a5ff939ecb0858-exec-1'), ('45:50', 'sparktc-95a5ff939ecb0858-exec-2'), ('45:50', 'sparktc-95a5ff939ecb0858-exec-3'), ('45:55', 'sparktc-95a5ff939ecb0858-exec-1'), ('45:55', 'sparktc-95a5ff939ecb0858-exec-2'), ('45:56', 'sparktc-95a5ff939ecb0858-exec-3'), ('45:56', 'sparktc-95a5ff939ecb0858-exec-4'), ('45:59', 'sparktc-95a5ff939ecb0858-exec-1'), ('46:00', 'sparktc-95a5ff939ecb0858-exec-2'), ('46:00', 'sparktc-95a5ff939ecb0858-exec-3'), ('46:00', 'sparktc-95a5ff939ecb0858-exec-4'), ('46:00', 'sparktc-95a5ff939ecb0858-exec-5'), ('46:01', 'sparktc-95a5ff939ecb0858-exec-7'), ('46:04', 'sparktc-95a5ff939ecb0858-exec-1'), ('46:04', 'sparktc-95a5ff939ecb0858-exec-2'), ('46:04', 'sparktc-95a5ff939ecb0858-exec-3'), ('46:04', 'sparktc-95a5ff939ecb0858-exec-4'), ('46:05', 'sparktc-95a5ff939ecb0858-exec-5'), ('46:05', 'sparktc-95a5ff939ecb0858-exec-6'), ('46:05', 'sparktc-95a5ff939ecb0858-exec-7'), ('46:05', 'sparktc-95a5ff939ecb0858-exec-8'), ('46:08', 'sparktc-95a5ff939ecb0858-exec-1'), ('46:09', 'sparktc-95a5ff939ecb0858-exec-2'), ('46:09', 'sparktc-95a5ff939ecb0858-exec-3'), ('46:09', 'sparktc-95a5ff939ecb0858-exec-4'), ('46:09', 'sparktc-95a5ff939ecb0858-exec-5'), ('46:09', 'sparktc-95a5ff939ecb0858-exec-6'), ('46:10', 'sparktc-95a5ff939ecb0858-exec-7'), ('46:10', 'sparktc-95a5ff939ecb0858-exec-8'), ('46:14', 'sparktc-95a5ff939ecb0858-exec-1'), ('46:14', 'sparktc-95a5ff939ecb0858-exec-2'), ('46:14', 'sparktc-95a5ff939ecb0858-exec-3'), ('46:14', 'sparktc-95a5ff939ecb0858-exec-4'), ('46:14', 'sparktc-95a5ff939ecb0858-exec-5'), ('46:15', 'sparktc-95a5ff939ecb0858-exec-6'), ('46:15', 'sparktc-95a5ff939ecb0858-exec-7'), ('46:15', 'sparktc-95a5ff939ecb0858-exec-8'), ('46:19', 'sparktc-95a5ff939ecb0858-exec-1'), ('46:19', 'sparktc-95a5ff939ecb0858-exec-2'), ('46:20', 'sparktc-95a5ff939ecb0858-exec-3'), ('46:20', 'sparktc-95a5ff939ecb0858-exec-4'), ('46:20', 'sparktc-95a5ff939ecb0858-exec-5'), ('46:20', 'sparktc-95a5ff939ecb0858-exec-6'), ('46:20', 'sparktc-95a5ff939ecb0858-exec-7'), ('46:21', 'sparktc-95a5ff939ecb0858-exec-8'), ('46:25', 'sparktc-95a5ff939ecb0858-exec-1'), ('46:25', 'sparktc-95a5ff939ecb0858-exec-2'), ('46:25', 'sparktc-95a5ff939ecb0858-exec-3'), ('46:25', 'sparktc-95a5ff939ecb0858-exec-4'), ('46:26', 'sparktc-95a5ff939ecb0858-exec-5'), ('46:26', 'sparktc-95a5ff939ecb0858-exec-6'), ('46:26', 'sparktc-95a5ff939ecb0858-exec-7'), ('46:26', 'sparktc-95a5ff939ecb0858-exec-8'), ('46:32', 'sparktc-95a5ff939ecb0858-exec-1'), ('46:32', 'sparktc-95a5ff939ecb0858-exec-2'), ('46:32', 'sparktc-95a5ff939ecb0858-exec-3'), ('46:32', 'sparktc-95a5ff939ecb0858-exec-4'), ('46:33', 'sparktc-95a5ff939ecb0858-exec-5'), ('46:33', 'sparktc-95a5ff939ecb0858-exec-6'), ('46:33', 'sparktc-95a5ff939ecb0858-exec-7'), ('46:34', 'sparktc-95a5ff939ecb0858-exec-8'), ('46:43', 'sparktc-95a5ff939ecb0858-exec-1'), ('46:43', 'sparktc-95a5ff939ecb0858-exec-2'), ('46:43', 'sparktc-95a5ff939ecb0858-exec-3'), ('46:44', 'sparktc-95a5ff939ecb0858-exec-4'), ('46:44', 'sparktc-95a5ff939ecb0858-exec-5'), ('46:44', 'sparktc-95a5ff939ecb0858-exec-6'), ('46:44', 'sparktc-95a5ff939ecb0858-exec-7'), ('46:45', 'sparktc-95a5ff939ecb0858-exec-8'), ('46:52', 'sparktc-95a5ff939ecb0858-exec-1'), ('46:52', 'sparktc-95a5ff939ecb0858-exec-2'), ('46:52', 'sparktc-95a5ff939ecb0858-exec-3'), ('46:52', 'sparktc-95a5ff939ecb0858-exec-4'), ('46:52', 'sparktc-95a5ff939ecb0858-exec-5'), ('46:53', 'sparktc-95a5ff939ecb0858-exec-6'), ('46:53', 'sparktc-95a5ff939ecb0858-exec-7'), ('46:53', 'sparktc-95a5ff939ecb0858-exec-8'), ('46:59', 'sparktc-95a5ff939ecb0858-exec-1'), ('47:00', 'sparktc-95a5ff939ecb0858-exec-2'), ('47:00', 'sparktc-95a5ff939ecb0858-exec-3'), ('47:00', 'sparktc-95a5ff939ecb0858-exec-4'), ('47:00', 'sparktc-95a5ff939ecb0858-exec-5'), ('47:01', 'sparktc-95a5ff939ecb0858-exec-6'), ('47:01', 'sparktc-95a5ff939ecb0858-exec-7'), ('47:01', 'sparktc-95a5ff939ecb0858-exec-8'), ('47:07', 'sparktc-95a5ff939ecb0858-exec-1'), ('47:08', 'sparktc-95a5ff939ecb0858-exec-2'), ('47:08', 'sparktc-95a5ff939ecb0858-exec-3'), ('47:08', 'sparktc-95a5ff939ecb0858-exec-4'), ('47:08', 'sparktc-95a5ff939ecb0858-exec-5'), ('47:08', 'sparktc-95a5ff939ecb0858-exec-6'), ('47:09', 'sparktc-95a5ff939ecb0858-exec-7'), ('47:09', 'sparktc-95a5ff939ecb0858-exec-8'), ('47:16', 'sparktc-95a5ff939ecb0858-exec-1'), ('47:16', 'sparktc-95a5ff939ecb0858-exec-2'), ('47:16', 'sparktc-95a5ff939ecb0858-exec-3'), ('47:16', 'sparktc-95a5ff939ecb0858-exec-4'), ('47:16', 'sparktc-95a5ff939ecb0858-exec-5'), ('47:17', 'sparktc-95a5ff939ecb0858-exec-6'), ('47:17', 'sparktc-95a5ff939ecb0858-exec-7'), ('47:17', 'sparktc-95a5ff939ecb0858-exec-8'), ('47:24', 'sparktc-95a5ff939ecb0858-exec-1'), ('47:24', 'sparktc-95a5ff939ecb0858-exec-2'), ('47:24', 'sparktc-95a5ff939ecb0858-exec-3'), ('47:25', 'sparktc-95a5ff939ecb0858-exec-4'), ('47:25', 'sparktc-95a5ff939ecb0858-exec-5'), ('47:25', 'sparktc-95a5ff939ecb0858-exec-6'), ('47:25', 'sparktc-95a5ff939ecb0858-exec-7'), ('47:25', 'sparktc-95a5ff939ecb0858-exec-8'), ('47:33', 'sparktc-95a5ff939ecb0858-exec-1'), ('47:33', 'sparktc-95a5ff939ecb0858-exec-2'), ('47:33', 'sparktc-95a5ff939ecb0858-exec-3'), ('47:33', 'sparktc-95a5ff939ecb0858-exec-4'), ('47:33', 'sparktc-95a5ff939ecb0858-exec-5'), ('47:34', 'sparktc-95a5ff939ecb0858-exec-6'), ('47:34', 'sparktc-95a5ff939ecb0858-exec-7'), ('47:34', 'sparktc-95a5ff939ecb0858-exec-8'), ('47:42', 'sparktc-95a5ff939ecb0858-exec-1'), ('47:42', 'sparktc-95a5ff939ecb0858-exec-2'), ('47:43', 'sparktc-95a5ff939ecb0858-exec-3'), ('47:43', 'sparktc-95a5ff939ecb0858-exec-4'), ('47:43', 'sparktc-95a5ff939ecb0858-exec-5'), ('47:43', 'sparktc-95a5ff939ecb0858-exec-6'), ('47:44', 'sparktc-95a5ff939ecb0858-exec-7'), ('47:44', 'sparktc-95a5ff939ecb0858-exec-8'), ('47:52', 'sparktc-95a5ff939ecb0858-exec-1'), ('47:52', 'sparktc-95a5ff939ecb0858-exec-2'), ('47:53', 'sparktc-95a5ff939ecb0858-exec-3'), ('47:53', 'sparktc-95a5ff939ecb0858-exec-4'), ('47:53', 'sparktc-95a5ff939ecb0858-exec-5'), ('47:53', 'sparktc-95a5ff939ecb0858-exec-6'), ('47:53', 'sparktc-95a5ff939ecb0858-exec-7'), ('47:54', 'sparktc-95a5ff939ecb0858-exec-8'), ('48:02', 'sparktc-95a5ff939ecb0858-exec-1'), ('48:02', 'sparktc-95a5ff939ecb0858-exec-2'), ('48:02', 'sparktc-95a5ff939ecb0858-exec-3'), ('48:02', 'sparktc-95a5ff939ecb0858-exec-4'), ('48:03', 'sparktc-95a5ff939ecb0858-exec-5'), ('48:03', 'sparktc-95a5ff939ecb0858-exec-6'), ('48:03', 'sparktc-95a5ff939ecb0858-exec-7'), ('48:03', 'sparktc-95a5ff939ecb0858-exec-8'), ('48:11', 'sparktc-95a5ff939ecb0858-exec-1'), ('48:12', 'sparktc-95a5ff939ecb0858-exec-2'), ('48:12', 'sparktc-95a5ff939ecb0858-exec-3'), ('48:12', 'sparktc-95a5ff939ecb0858-exec-4'), ('48:12', 'sparktc-95a5ff939ecb0858-exec-5'), ('48:12', 'sparktc-95a5ff939ecb0858-exec-6'), ('48:12', 'sparktc-95a5ff939ecb0858-exec-7'), ('48:13', 'sparktc-95a5ff939ecb0858-exec-8'), ('48:21', 'sparktc-95a5ff939ecb0858-exec-1'), ('48:21', 'sparktc-95a5ff939ecb0858-exec-2'), ('48:21', 'sparktc-95a5ff939ecb0858-exec-3'), ('48:21', 'sparktc-95a5ff939ecb0858-exec-4'), ('48:22', 'sparktc-95a5ff939ecb0858-exec-5'), ('48:22', 'sparktc-95a5ff939ecb0858-exec-6'), ('48:22', 'sparktc-95a5ff939ecb0858-exec-7'), ('48:22', 'sparktc-95a5ff939ecb0858-exec-8'), ('48:30', 'sparktc-95a5ff939ecb0858-exec-1'), ('48:31', 'sparktc-95a5ff939ecb0858-exec-2'), ('48:31', 'sparktc-95a5ff939ecb0858-exec-3'), ('48:31', 'sparktc-95a5ff939ecb0858-exec-4'), ('48:31', 'sparktc-95a5ff939ecb0858-exec-5'), ('48:31', 'sparktc-95a5ff939ecb0858-exec-6'), ('48:32', 'sparktc-95a5ff939ecb0858-exec-7'), ('48:32', 'sparktc-95a5ff939ecb0858-exec-8'), ('48:40', 'sparktc-95a5ff939ecb0858-exec-1'), ('48:40', 'sparktc-95a5ff939ecb0858-exec-2'), ('48:40', 'sparktc-95a5ff939ecb0858-exec-3'), ('48:40', 'sparktc-95a5ff939ecb0858-exec-4'), ('48:41', 'sparktc-95a5ff939ecb0858-exec-5'), ('48:41', 'sparktc-95a5ff939ecb0858-exec-6'), ('48:41', 'sparktc-95a5ff939ecb0858-exec-7'), ('48:41', 'sparktc-95a5ff939ecb0858-exec-8'), ('48:49', 'sparktc-95a5ff939ecb0858-exec-1'), ('48:49', 'sparktc-95a5ff939ecb0858-exec-2'), ('48:50', 'sparktc-95a5ff939ecb0858-exec-3'), ('48:50', 'sparktc-95a5ff939ecb0858-exec-4'), ('48:50', 'sparktc-95a5ff939ecb0858-exec-5'), ('48:50', 'sparktc-95a5ff939ecb0858-exec-6'), ('48:50', 'sparktc-95a5ff939ecb0858-exec-7'), ('48:51', 'sparktc-95a5ff939ecb0858-exec-8'), ('48:59', 'sparktc-95a5ff939ecb0858-exec-1'), ('48:59', 'sparktc-95a5ff939ecb0858-exec-2'), ('48:59', 'sparktc-95a5ff939ecb0858-exec-3'), ('48:59', 'sparktc-95a5ff939ecb0858-exec-4'), ('49:00', 'sparktc-95a5ff939ecb0858-exec-5'), ('49:00', 'sparktc-95a5ff939ecb0858-exec-6'), ('49:00', 'sparktc-95a5ff939ecb0858-exec-7'), ('49:00', 'sparktc-95a5ff939ecb0858-exec-8'), ('49:08', 'sparktc-95a5ff939ecb0858-exec-1'), ('49:08', 'sparktc-95a5ff939ecb0858-exec-2'), ('49:09', 'sparktc-95a5ff939ecb0858-exec-3'), ('49:09', 'sparktc-95a5ff939ecb0858-exec-4'), ('49:09', 'sparktc-95a5ff939ecb0858-exec-5'), ('49:09', 'sparktc-95a5ff939ecb0858-exec-6'), ('49:09', 'sparktc-95a5ff939ecb0858-exec-7'), ('49:10', 'sparktc-95a5ff939ecb0858-exec-8'), ('49:18', 'sparktc-95a5ff939ecb0858-exec-1'), ('49:18', 'sparktc-95a5ff939ecb0858-exec-2'), ('49:18', 'sparktc-95a5ff939ecb0858-exec-3'), ('49:18', 'sparktc-95a5ff939ecb0858-exec-4'), ('49:19', 'sparktc-95a5ff939ecb0858-exec-5'), ('49:19', 'sparktc-95a5ff939ecb0858-exec-6'), ('49:19', 'sparktc-95a5ff939ecb0858-exec-7'), ('49:19', 'sparktc-95a5ff939ecb0858-exec-8'), ('49:27', 'sparktc-95a5ff939ecb0858-exec-1'), ('49:28', 'sparktc-95a5ff939ecb0858-exec-2'), ('49:28', 'sparktc-95a5ff939ecb0858-exec-3'), ('49:28', 'sparktc-95a5ff939ecb0858-exec-4'), ('49:28', 'sparktc-95a5ff939ecb0858-exec-5'), ('49:28', 'sparktc-95a5ff939ecb0858-exec-6'), ('49:29', 'sparktc-95a5ff939ecb0858-exec-7'), ('49:29', 'sparktc-95a5ff939ecb0858-exec-8'), ('49:37', 'sparktc-95a5ff939ecb0858-exec-1'), ('49:37', 'sparktc-95a5ff939ecb0858-exec-2'), ('49:37', 'sparktc-95a5ff939ecb0858-exec-3'), ('49:38', 'sparktc-95a5ff939ecb0858-exec-4'), ('49:38', 'sparktc-95a5ff939ecb0858-exec-5'), ('49:38', 'sparktc-95a5ff939ecb0858-exec-6'), ('49:38', 'sparktc-95a5ff939ecb0858-exec-7'), ('49:38', 'sparktc-95a5ff939ecb0858-exec-8'), ('49:46', 'sparktc-95a5ff939ecb0858-exec-1'), ('49:47', 'sparktc-95a5ff939ecb0858-exec-2'), ('49:47', 'sparktc-95a5ff939ecb0858-exec-3'), ('49:47', 'sparktc-95a5ff939ecb0858-exec-4'), ('49:47', 'sparktc-95a5ff939ecb0858-exec-5'), ('49:48', 'sparktc-95a5ff939ecb0858-exec-6'), ('49:48', 'sparktc-95a5ff939ecb0858-exec-7'), ('49:48', 'sparktc-95a5ff939ecb0858-exec-8'), ('49:56', 'sparktc-95a5ff939ecb0858-exec-1'), ('49:56', 'sparktc-95a5ff939ecb0858-exec-2'), ('49:57', 'sparktc-95a5ff939ecb0858-exec-3'), ('49:57', 'sparktc-95a5ff939ecb0858-exec-4'), ('49:57', 'sparktc-95a5ff939ecb0858-exec-5'), ('49:57', 'sparktc-95a5ff939ecb0858-exec-6'), ('49:57', 'sparktc-95a5ff939ecb0858-exec-7'), ('49:58', 'sparktc-95a5ff939ecb0858-exec-8'), ('50:06', 'sparktc-95a5ff939ecb0858-exec-1'), ('50:06', 'sparktc-95a5ff939ecb0858-exec-2'), ('50:07', 'sparktc-95a5ff939ecb0858-exec-3'), ('50:07', 'sparktc-95a5ff939ecb0858-exec-4'), ('50:07', 'sparktc-95a5ff939ecb0858-exec-5'), ('50:07', 'sparktc-95a5ff939ecb0858-exec-6'), ('50:07', 'sparktc-95a5ff939ecb0858-exec-7'), ('50:07', 'sparktc-95a5ff939ecb0858-exec-8'), ('50:15', 'sparktc-95a5ff939ecb0858-exec-1'), ('50:16', 'sparktc-95a5ff939ecb0858-exec-2'), ('50:16', 'sparktc-95a5ff939ecb0858-exec-3'), ('50:16', 'sparktc-95a5ff939ecb0858-exec-4'), ('50:16', 'sparktc-95a5ff939ecb0858-exec-5'), ('50:17', 'sparktc-95a5ff939ecb0858-exec-6'), ('50:17', 'sparktc-95a5ff939ecb0858-exec-7'), ('50:17', 'sparktc-95a5ff939ecb0858-exec-8')]"
11,2024-12-07 01:45:43.952403,2024-12-07 01:50:30.735353,1629.346166666669,"[('46:08', 'sparktc-56d265939ecb8bbd-exec-1'), ('46:13', 'sparktc-56d265939ecb8bbd-exec-1'), ('46:19', 'sparktc-56d265939ecb8bbd-exec-1'), ('46:24', 'sparktc-56d265939ecb8bbd-exec-1'), ('46:24', 'sparktc-56d265939ecb8bbd-exec-2'), ('46:25', 'sparktc-56d265939ecb8bbd-exec-3'), ('46:30', 'sparktc-56d265939ecb8bbd-exec-1'), ('46:31', 'sparktc-56d265939ecb8bbd-exec-2'), ('46:31', 'sparktc-56d265939ecb8bbd-exec-3'), ('46:31', 'sparktc-56d265939ecb8bbd-exec-4'), ('46:41', 'sparktc-56d265939ecb8bbd-exec-1'), ('46:41', 'sparktc-56d265939ecb8bbd-exec-2'), ('46:41', 'sparktc-56d265939ecb8bbd-exec-3'), ('46:42', 'sparktc-56d265939ecb8bbd-exec-4'), ('46:42', 'sparktc-56d265939ecb8bbd-exec-5'), ('46:42', 'sparktc-56d265939ecb8bbd-exec-6'), ('46:42', 'sparktc-56d265939ecb8bbd-exec-7'), ('46:43', 'sparktc-56d265939ecb8bbd-exec-8'), ('46:50', 'sparktc-56d265939ecb8bbd-exec-1'), ('46:50', 'sparktc-56d265939ecb8bbd-exec-2'), ('46:50', 'sparktc-56d265939ecb8bbd-exec-3'), ('46:51', 'sparktc-56d265939ecb8bbd-exec-4'), ('46:51', 'sparktc-56d265939ecb8bbd-exec-5'), ('46:51', 'sparktc-56d265939ecb8bbd-exec-6'), ('46:51', 'sparktc-56d265939ecb8bbd-exec-7'), ('46:51', 'sparktc-56d265939ecb8bbd-exec-8'), ('46:58', 'sparktc-56d265939ecb8bbd-exec-1'), ('46:58', 'sparktc-56d265939ecb8bbd-exec-2'), ('46:58', 'sparktc-56d265939ecb8bbd-exec-3'), ('46:58', 'sparktc-56d265939ecb8bbd-exec-4'), ('46:59', 'sparktc-56d265939ecb8bbd-exec-5'), ('46:59', 'sparktc-56d265939ecb8bbd-exec-6'), ('46:59', 'sparktc-56d265939ecb8bbd-exec-7'), ('46:59', 'sparktc-56d265939ecb8bbd-exec-8'), ('47:06', 'sparktc-56d265939ecb8bbd-exec-1'), ('47:06', 'sparktc-56d265939ecb8bbd-exec-2'), ('47:06', 'sparktc-56d265939ecb8bbd-exec-3'), ('47:06', 'sparktc-56d265939ecb8bbd-exec-4'), ('47:07', 'sparktc-56d265939ecb8bbd-exec-5'), ('47:07', 'sparktc-56d265939ecb8bbd-exec-6'), ('47:07', 'sparktc-56d265939ecb8bbd-exec-7'), ('47:07', 'sparktc-56d265939ecb8bbd-exec-8'), ('47:14', 'sparktc-56d265939ecb8bbd-exec-1'), ('47:14', 'sparktc-56d265939ecb8bbd-exec-2'), ('47:14', 'sparktc-56d265939ecb8bbd-exec-3'), ('47:14', 'sparktc-56d265939ecb8bbd-exec-4'), ('47:15', 'sparktc-56d265939ecb8bbd-exec-5'), ('47:15', 'sparktc-56d265939ecb8bbd-exec-6'), ('47:15', 'sparktc-56d265939ecb8bbd-exec-7'), ('47:15', 'sparktc-56d265939ecb8bbd-exec-8'), ('47:22', 'sparktc-56d265939ecb8bbd-exec-1'), ('47:22', 'sparktc-56d265939ecb8bbd-exec-2'), ('47:23', 'sparktc-56d265939ecb8bbd-exec-3'), ('47:23', 'sparktc-56d265939ecb8bbd-exec-4'), ('47:23', 'sparktc-56d265939ecb8bbd-exec-5'), ('47:23', 'sparktc-56d265939ecb8bbd-exec-6'), ('47:23', 'sparktc-56d265939ecb8bbd-exec-7'), ('47:24', 'sparktc-56d265939ecb8bbd-exec-8'), ('47:31', 'sparktc-56d265939ecb8bbd-exec-1'), ('47:31', 'sparktc-56d265939ecb8bbd-exec-2'), ('47:31', 'sparktc-56d265939ecb8bbd-exec-3'), ('47:32', 'sparktc-56d265939ecb8bbd-exec-4'), ('47:32', 'sparktc-56d265939ecb8bbd-exec-5'), ('47:32', 'sparktc-56d265939ecb8bbd-exec-6'), ('47:32', 'sparktc-56d265939ecb8bbd-exec-7'), ('47:32', 'sparktc-56d265939ecb8bbd-exec-8'), ('47:41', 'sparktc-56d265939ecb8bbd-exec-1'), ('47:41', 'sparktc-56d265939ecb8bbd-exec-2'), ('47:41', 'sparktc-56d265939ecb8bbd-exec-3'), ('47:41', 'sparktc-56d265939ecb8bbd-exec-4'), ('47:42', 'sparktc-56d265939ecb8bbd-exec-5'), ('47:42', 'sparktc-56d265939ecb8bbd-exec-6'), ('47:42', 'sparktc-56d265939ecb8bbd-exec-7'), ('47:42', 'sparktc-56d265939ecb8bbd-exec-8'), ('47:50', 'sparktc-56d265939ecb8bbd-exec-1'), ('47:51', 'sparktc-56d265939ecb8bbd-exec-2'), ('47:51', 'sparktc-56d265939ecb8bbd-exec-3'), ('47:51', 'sparktc-56d265939ecb8bbd-exec-4'), ('47:51', 'sparktc-56d265939ecb8bbd-exec-5'), ('47:52', 'sparktc-56d265939ecb8bbd-exec-6'), ('47:52', 'sparktc-56d265939ecb8bbd-exec-7'), ('47:52', 'sparktc-56d265939ecb8bbd-exec-8'), ('48:00', 'sparktc-56d265939ecb8bbd-exec-1'), ('48:00', 'sparktc-56d265939ecb8bbd-exec-2'), ('48:01', 'sparktc-56d265939ecb8bbd-exec-3'), ('48:01', 'sparktc-56d265939ecb8bbd-exec-4'), ('48:01', 'sparktc-56d265939ecb8bbd-exec-5'), ('48:01', 'sparktc-56d265939ecb8bbd-exec-6'), ('48:01', 'sparktc-56d265939ecb8bbd-exec-7'), ('48:02', 'sparktc-56d265939ecb8bbd-exec-8'), ('48:10', 'sparktc-56d265939ecb8bbd-exec-1'), ('48:10', 'sparktc-56d265939ecb8bbd-exec-2'), ('48:10', 'sparktc-56d265939ecb8bbd-exec-3'), ('48:10', 'sparktc-56d265939ecb8bbd-exec-4'), ('48:10', 'sparktc-56d265939ecb8bbd-exec-5'), ('48:11', 'sparktc-56d265939ecb8bbd-exec-6'), ('48:11', 'sparktc-56d265939ecb8bbd-exec-7'), ('48:11', 'sparktc-56d265939ecb8bbd-exec-8'), ('48:19', 'sparktc-56d265939ecb8bbd-exec-1'), ('48:20', 'sparktc-56d265939ecb8bbd-exec-2'), ('48:20', 'sparktc-56d265939ecb8bbd-exec-3'), ('48:20', 'sparktc-56d265939ecb8bbd-exec-4'), ('48:20', 'sparktc-56d265939ecb8bbd-exec-5'), ('48:20', 'sparktc-56d265939ecb8bbd-exec-6'), ('48:21', 'sparktc-56d265939ecb8bbd-exec-7'), ('48:21', 'sparktc-56d265939ecb8bbd-exec-8'), ('48:29', 'sparktc-56d265939ecb8bbd-exec-1'), ('48:29', 'sparktc-56d265939ecb8bbd-exec-2'), ('48:29', 'sparktc-56d265939ecb8bbd-exec-3'), ('48:29', 'sparktc-56d265939ecb8bbd-exec-4'), ('48:30', 'sparktc-56d265939ecb8bbd-exec-5'), ('48:30', 'sparktc-56d265939ecb8bbd-exec-6'), ('48:30', 'sparktc-56d265939ecb8bbd-exec-7'), ('48:30', 'sparktc-56d265939ecb8bbd-exec-8'), ('48:38', 'sparktc-56d265939ecb8bbd-exec-1'), ('48:38', 'sparktc-56d265939ecb8bbd-exec-2'), ('48:39', 'sparktc-56d265939ecb8bbd-exec-3'), ('48:39', 'sparktc-56d265939ecb8bbd-exec-4'), ('48:39', 'sparktc-56d265939ecb8bbd-exec-5'), ('48:39', 'sparktc-56d265939ecb8bbd-exec-6'), ('48:39', 'sparktc-56d265939ecb8bbd-exec-7'), ('48:40', 'sparktc-56d265939ecb8bbd-exec-8'), ('48:48', 'sparktc-56d265939ecb8bbd-exec-1'), ('48:48', 'sparktc-56d265939ecb8bbd-exec-2'), ('48:48', 'sparktc-56d265939ecb8bbd-exec-3'), ('48:48', 'sparktc-56d265939ecb8bbd-exec-4'), ('48:48', 'sparktc-56d265939ecb8bbd-exec-5'), ('48:49', 'sparktc-56d265939ecb8bbd-exec-6'), ('48:49', 'sparktc-56d265939ecb8bbd-exec-7'), ('48:49', 'sparktc-56d265939ecb8bbd-exec-8'), ('48:57', 'sparktc-56d265939ecb8bbd-exec-1'), ('48:57', 'sparktc-56d265939ecb8bbd-exec-2'), ('48:57', 'sparktc-56d265939ecb8bbd-exec-3'), ('48:58', 'sparktc-56d265939ecb8bbd-exec-4'), ('48:58', 'sparktc-56d265939ecb8bbd-exec-5'), ('48:58', 'sparktc-56d265939ecb8bbd-exec-6'), ('48:58', 'sparktc-56d265939ecb8bbd-exec-7'), ('48:59', 'sparktc-56d265939ecb8bbd-exec-8'), ('49:06', 'sparktc-56d265939ecb8bbd-exec-1'), ('49:07', 'sparktc-56d265939ecb8bbd-exec-2'), ('49:07', 'sparktc-56d265939ecb8bbd-exec-3'), ('49:07', 'sparktc-56d265939ecb8bbd-exec-4'), ('49:07', 'sparktc-56d265939ecb8bbd-exec-5'), ('49:08', 'sparktc-56d265939ecb8bbd-exec-6'), ('49:08', 'sparktc-56d265939ecb8bbd-exec-7'), ('49:08', 'sparktc-56d265939ecb8bbd-exec-8'), ('49:16', 'sparktc-56d265939ecb8bbd-exec-1'), ('49:16', 'sparktc-56d265939ecb8bbd-exec-2'), ('49:17', 'sparktc-56d265939ecb8bbd-exec-3'), ('49:17', 'sparktc-56d265939ecb8bbd-exec-4'), ('49:17', 'sparktc-56d265939ecb8bbd-exec-5'), ('49:17', 'sparktc-56d265939ecb8bbd-exec-6'), ('49:17', 'sparktc-56d265939ecb8bbd-exec-7'), ('49:18', 'sparktc-56d265939ecb8bbd-exec-8'), ('49:26', 'sparktc-56d265939ecb8bbd-exec-1'), ('49:26', 'sparktc-56d265939ecb8bbd-exec-2'), ('49:26', 'sparktc-56d265939ecb8bbd-exec-3'), ('49:26', 'sparktc-56d265939ecb8bbd-exec-4'), ('49:26', 'sparktc-56d265939ecb8bbd-exec-5'), ('49:27', 'sparktc-56d265939ecb8bbd-exec-6'), ('49:27', 'sparktc-56d265939ecb8bbd-exec-7'), ('49:27', 'sparktc-56d265939ecb8bbd-exec-8'), ('49:35', 'sparktc-56d265939ecb8bbd-exec-1'), ('49:36', 'sparktc-56d265939ecb8bbd-exec-2'), ('49:36', 'sparktc-56d265939ecb8bbd-exec-3'), ('49:36', 'sparktc-56d265939ecb8bbd-exec-4'), ('49:36', 'sparktc-56d265939ecb8bbd-exec-5'), ('49:36', 'sparktc-56d265939ecb8bbd-exec-6'), ('49:37', 'sparktc-56d265939ecb8bbd-exec-7'), ('49:37', 'sparktc-56d265939ecb8bbd-exec-8'), ('49:45', 'sparktc-56d265939ecb8bbd-exec-1'), ('49:45', 'sparktc-56d265939ecb8bbd-exec-2'), ('49:45', 'sparktc-56d265939ecb8bbd-exec-3'), ('49:45', 'sparktc-56d265939ecb8bbd-exec-4'), ('49:46', 'sparktc-56d265939ecb8bbd-exec-5'), ('49:46', 'sparktc-56d265939ecb8bbd-exec-6'), ('49:46', 'sparktc-56d265939ecb8bbd-exec-7'), ('49:46', 'sparktc-56d265939ecb8bbd-exec-8'), ('49:55', 'sparktc-56d265939ecb8bbd-exec-1'), ('49:55', 'sparktc-56d265939ecb8bbd-exec-2'), ('49:55', 'sparktc-56d265939ecb8bbd-exec-3'), ('49:55', 'sparktc-56d265939ecb8bbd-exec-4'), ('49:55', 'sparktc-56d265939ecb8bbd-exec-5'), ('49:56', 'sparktc-56d265939ecb8bbd-exec-6'), ('49:56', 'sparktc-56d265939ecb8bbd-exec-7'), ('49:56', 'sparktc-56d265939ecb8bbd-exec-8'), ('50:04', 'sparktc-56d265939ecb8bbd-exec-1'), ('50:05', 'sparktc-56d265939ecb8bbd-exec-2'), ('50:05', 'sparktc-56d265939ecb8bbd-exec-3'), ('50:05', 'sparktc-56d265939ecb8bbd-exec-4'), ('50:05', 'sparktc-56d265939ecb8bbd-exec-5'), ('50:05', 'sparktc-56d265939ecb8bbd-exec-6'), ('50:06', 'sparktc-56d265939ecb8bbd-exec-7'), ('50:06', 'sparktc-56d265939ecb8bbd-exec-8'), ('50:14', 'sparktc-56d265939ecb8bbd-exec-1'), ('50:14', 'sparktc-56d265939ecb8bbd-exec-2'), ('50:14', 'sparktc-56d265939ecb8bbd-exec-3'), ('50:14', 'sparktc-56d265939ecb8bbd-exec-4'), ('50:15', 'sparktc-56d265939ecb8bbd-exec-5'), ('50:15', 'sparktc-56d265939ecb8bbd-exec-6'), ('50:15', 'sparktc-56d265939ecb8bbd-exec-7'), ('50:15', 'sparktc-56d265939ecb8bbd-exec-8'), ('50:24', 'sparktc-56d265939ecb8bbd-exec-1'), ('50:24', 'sparktc-56d265939ecb8bbd-exec-2'), ('50:24', 'sparktc-56d265939ecb8bbd-exec-3'), ('50:25', 'sparktc-56d265939ecb8bbd-exec-4'), ('50:25', 'sparktc-56d265939ecb8bbd-exec-5')]"
12,2024-12-07 01:45:44.464366,2024-12-07 01:50:47.519557,1720.6195000000039,"[('46:10', 'sparktc-f2db87939ecb8d42-exec-1'), ('46:15', 'sparktc-f2db87939ecb8d42-exec-1'), ('46:21', 'sparktc-f2db87939ecb8d42-exec-1'), ('46:26', 'sparktc-f2db87939ecb8d42-exec-1'), ('46:27', 'sparktc-f2db87939ecb8d42-exec-2'), ('46:35', 'sparktc-f2db87939ecb8d42-exec-1'), ('46:35', 'sparktc-f2db87939ecb8d42-exec-2'), ('46:35', 'sparktc-f2db87939ecb8d42-exec-3'), ('46:35', 'sparktc-f2db87939ecb8d42-exec-4'), ('46:36', 'sparktc-f2db87939ecb8d42-exec-5'), ('46:45', 'sparktc-f2db87939ecb8d42-exec-1'), ('46:45', 'sparktc-f2db87939ecb8d42-exec-2'), ('46:45', 'sparktc-f2db87939ecb8d42-exec-3'), ('46:46', 'sparktc-f2db87939ecb8d42-exec-4'), ('46:46', 'sparktc-f2db87939ecb8d42-exec-5'), ('46:46', 'sparktc-f2db87939ecb8d42-exec-6'), ('46:46', 'sparktc-f2db87939ecb8d42-exec-7'), ('46:47', 'sparktc-f2db87939ecb8d42-exec-8'), ('46:53', 'sparktc-f2db87939ecb8d42-exec-1'), ('46:53', 'sparktc-f2db87939ecb8d42-exec-2'), ('46:54', 'sparktc-f2db87939ecb8d42-exec-3'), ('46:54', 'sparktc-f2db87939ecb8d42-exec-4'), ('46:54', 'sparktc-f2db87939ecb8d42-exec-5'), ('46:54', 'sparktc-f2db87939ecb8d42-exec-6'), ('46:55', 'sparktc-f2db87939ecb8d42-exec-7'), ('46:55', 'sparktc-f2db87939ecb8d42-exec-8'), ('47:01', 'sparktc-f2db87939ecb8d42-exec-1'), ('47:01', 'sparktc-f2db87939ecb8d42-exec-2'), ('47:01', 'sparktc-f2db87939ecb8d42-exec-3'), ('47:02', 'sparktc-f2db87939ecb8d42-exec-4'), ('47:02', 'sparktc-f2db87939ecb8d42-exec-5'), ('47:02', 'sparktc-f2db87939ecb8d42-exec-6'), ('47:02', 'sparktc-f2db87939ecb8d42-exec-7'), ('47:03', 'sparktc-f2db87939ecb8d42-exec-8'), ('47:09', 'sparktc-f2db87939ecb8d42-exec-1'), ('47:09', 'sparktc-f2db87939ecb8d42-exec-2'), ('47:10', 'sparktc-f2db87939ecb8d42-exec-3'), ('47:10', 'sparktc-f2db87939ecb8d42-exec-4'), ('47:10', 'sparktc-f2db87939ecb8d42-exec-5'), ('47:10', 'sparktc-f2db87939ecb8d42-exec-6'), ('47:10', 'sparktc-f2db87939ecb8d42-exec-7'), ('47:11', 'sparktc-f2db87939ecb8d42-exec-8'), ('47:17', 'sparktc-f2db87939ecb8d42-exec-1'), ('47:18', 'sparktc-f2db87939ecb8d42-exec-2'), ('47:18', 'sparktc-f2db87939ecb8d42-exec-3'), ('47:18', 'sparktc-f2db87939ecb8d42-exec-4'), ('47:18', 'sparktc-f2db87939ecb8d42-exec-5'), ('47:19', 'sparktc-f2db87939ecb8d42-exec-6'), ('47:19', 'sparktc-f2db87939ecb8d42-exec-7'), ('47:19', 'sparktc-f2db87939ecb8d42-exec-8'), ('47:27', 'sparktc-f2db87939ecb8d42-exec-1'), ('47:27', 'sparktc-f2db87939ecb8d42-exec-2'), ('47:27', 'sparktc-f2db87939ecb8d42-exec-3'), ('47:27', 'sparktc-f2db87939ecb8d42-exec-4'), ('47:27', 'sparktc-f2db87939ecb8d42-exec-5'), ('47:28', 'sparktc-f2db87939ecb8d42-exec-6'), ('47:28', 'sparktc-f2db87939ecb8d42-exec-7'), ('47:28', 'sparktc-f2db87939ecb8d42-exec-8'), ('47:36', 'sparktc-f2db87939ecb8d42-exec-1'), ('47:36', 'sparktc-f2db87939ecb8d42-exec-2'), ('47:37', 'sparktc-f2db87939ecb8d42-exec-3'), ('47:37', 'sparktc-f2db87939ecb8d42-exec-4'), ('47:37', 'sparktc-f2db87939ecb8d42-exec-5'), ('47:37', 'sparktc-f2db87939ecb8d42-exec-6'), ('47:37', 'sparktc-f2db87939ecb8d42-exec-7'), ('47:37', 'sparktc-f2db87939ecb8d42-exec-8'), ('47:46', 'sparktc-f2db87939ecb8d42-exec-1'), ('47:46', 'sparktc-f2db87939ecb8d42-exec-2'), ('47:46', 'sparktc-f2db87939ecb8d42-exec-3'), ('47:46', 'sparktc-f2db87939ecb8d42-exec-4'), ('47:47', 'sparktc-f2db87939ecb8d42-exec-5'), ('47:47', 'sparktc-f2db87939ecb8d42-exec-6'), ('47:47', 'sparktc-f2db87939ecb8d42-exec-7'), ('47:47', 'sparktc-f2db87939ecb8d42-exec-8'), ('47:56', 'sparktc-f2db87939ecb8d42-exec-1'), ('47:56', 'sparktc-f2db87939ecb8d42-exec-2'), ('47:56', 'sparktc-f2db87939ecb8d42-exec-3'), ('47:56', 'sparktc-f2db87939ecb8d42-exec-4'), ('47:57', 'sparktc-f2db87939ecb8d42-exec-5'), ('47:57', 'sparktc-f2db87939ecb8d42-exec-6'), ('47:57', 'sparktc-f2db87939ecb8d42-exec-7'), ('47:57', 'sparktc-f2db87939ecb8d42-exec-8'), ('48:05', 'sparktc-f2db87939ecb8d42-exec-1'), ('48:05', 'sparktc-f2db87939ecb8d42-exec-2'), ('48:06', 'sparktc-f2db87939ecb8d42-exec-3'), ('48:06', 'sparktc-f2db87939ecb8d42-exec-4'), ('48:06', 'sparktc-f2db87939ecb8d42-exec-5'), ('48:06', 'sparktc-f2db87939ecb8d42-exec-6'), ('48:06', 'sparktc-f2db87939ecb8d42-exec-7'), ('48:07', 'sparktc-f2db87939ecb8d42-exec-8'), ('48:15', 'sparktc-f2db87939ecb8d42-exec-1'), ('48:15', 'sparktc-f2db87939ecb8d42-exec-2'), ('48:15', 'sparktc-f2db87939ecb8d42-exec-3'), ('48:15', 'sparktc-f2db87939ecb8d42-exec-4'), ('48:15', 'sparktc-f2db87939ecb8d42-exec-5'), ('48:16', 'sparktc-f2db87939ecb8d42-exec-6'), ('48:16', 'sparktc-f2db87939ecb8d42-exec-7'), ('48:16', 'sparktc-f2db87939ecb8d42-exec-8'), ('48:24', 'sparktc-f2db87939ecb8d42-exec-1'), ('48:24', 'sparktc-f2db87939ecb8d42-exec-2'), ('48:25', 'sparktc-f2db87939ecb8d42-exec-3'), ('48:25', 'sparktc-f2db87939ecb8d42-exec-4'), ('48:25', 'sparktc-f2db87939ecb8d42-exec-5'), ('48:25', 'sparktc-f2db87939ecb8d42-exec-6'), ('48:25', 'sparktc-f2db87939ecb8d42-exec-7'), ('48:26', 'sparktc-f2db87939ecb8d42-exec-8'), ('48:34', 'sparktc-f2db87939ecb8d42-exec-1'), ('48:34', 'sparktc-f2db87939ecb8d42-exec-2'), ('48:34', 'sparktc-f2db87939ecb8d42-exec-3'), ('48:34', 'sparktc-f2db87939ecb8d42-exec-4'), ('48:35', 'sparktc-f2db87939ecb8d42-exec-5'), ('48:35', 'sparktc-f2db87939ecb8d42-exec-6'), ('48:35', 'sparktc-f2db87939ecb8d42-exec-7'), ('48:35', 'sparktc-f2db87939ecb8d42-exec-8'), ('48:43', 'sparktc-f2db87939ecb8d42-exec-1'), ('48:43', 'sparktc-f2db87939ecb8d42-exec-2'), ('48:43', 'sparktc-f2db87939ecb8d42-exec-3'), ('48:44', 'sparktc-f2db87939ecb8d42-exec-4'), ('48:44', 'sparktc-f2db87939ecb8d42-exec-5'), ('48:44', 'sparktc-f2db87939ecb8d42-exec-6'), ('48:44', 'sparktc-f2db87939ecb8d42-exec-7'), ('48:45', 'sparktc-f2db87939ecb8d42-exec-8'), ('48:52', 'sparktc-f2db87939ecb8d42-exec-1'), ('48:53', 'sparktc-f2db87939ecb8d42-exec-2'), ('48:53', 'sparktc-f2db87939ecb8d42-exec-3'), ('48:53', 'sparktc-f2db87939ecb8d42-exec-4'), ('48:53', 'sparktc-f2db87939ecb8d42-exec-5'), ('48:54', 'sparktc-f2db87939ecb8d42-exec-6'), ('48:54', 'sparktc-f2db87939ecb8d42-exec-7'), ('48:54', 'sparktc-f2db87939ecb8d42-exec-8'), ('49:02', 'sparktc-f2db87939ecb8d42-exec-1'), ('49:02', 'sparktc-f2db87939ecb8d42-exec-2'), ('49:02', 'sparktc-f2db87939ecb8d42-exec-3'), ('49:03', 'sparktc-f2db87939ecb8d42-exec-4'), ('49:03', 'sparktc-f2db87939ecb8d42-exec-5'), ('49:03', 'sparktc-f2db87939ecb8d42-exec-6'), ('49:03', 'sparktc-f2db87939ecb8d42-exec-7'), ('49:03', 'sparktc-f2db87939ecb8d42-exec-8'), ('49:11', 'sparktc-f2db87939ecb8d42-exec-1'), ('49:12', 'sparktc-f2db87939ecb8d42-exec-2'), ('49:12', 'sparktc-f2db87939ecb8d42-exec-3'), ('49:12', 'sparktc-f2db87939ecb8d42-exec-4'), ('49:12', 'sparktc-f2db87939ecb8d42-exec-5'), ('49:12', 'sparktc-f2db87939ecb8d42-exec-6'), ('49:13', 'sparktc-f2db87939ecb8d42-exec-7'), ('49:13', 'sparktc-f2db87939ecb8d42-exec-8'), ('49:21', 'sparktc-f2db87939ecb8d42-exec-1'), ('49:21', 'sparktc-f2db87939ecb8d42-exec-2'), ('49:21', 'sparktc-f2db87939ecb8d42-exec-3'), ('49:22', 'sparktc-f2db87939ecb8d42-exec-4'), ('49:22', 'sparktc-f2db87939ecb8d42-exec-5'), ('49:22', 'sparktc-f2db87939ecb8d42-exec-6'), ('49:22', 'sparktc-f2db87939ecb8d42-exec-7'), ('49:22', 'sparktc-f2db87939ecb8d42-exec-8'), ('49:31', 'sparktc-f2db87939ecb8d42-exec-1'), ('49:31', 'sparktc-f2db87939ecb8d42-exec-2'), ('49:31', 'sparktc-f2db87939ecb8d42-exec-3'), ('49:31', 'sparktc-f2db87939ecb8d42-exec-4'), ('49:31', 'sparktc-f2db87939ecb8d42-exec-5'), ('49:32', 'sparktc-f2db87939ecb8d42-exec-6'), ('49:32', 'sparktc-f2db87939ecb8d42-exec-7'), ('49:32', 'sparktc-f2db87939ecb8d42-exec-8'), ('49:40', 'sparktc-f2db87939ecb8d42-exec-1'), ('49:41', 'sparktc-f2db87939ecb8d42-exec-2'), ('49:41', 'sparktc-f2db87939ecb8d42-exec-3'), ('49:41', 'sparktc-f2db87939ecb8d42-exec-4'), ('49:41', 'sparktc-f2db87939ecb8d42-exec-5'), ('49:41', 'sparktc-f2db87939ecb8d42-exec-6'), ('49:42', 'sparktc-f2db87939ecb8d42-exec-7'), ('49:42', 'sparktc-f2db87939ecb8d42-exec-8'), ('49:50', 'sparktc-f2db87939ecb8d42-exec-1'), ('49:50', 'sparktc-f2db87939ecb8d42-exec-2'), ('49:50', 'sparktc-f2db87939ecb8d42-exec-3'), ('49:51', 'sparktc-f2db87939ecb8d42-exec-4'), ('49:51', 'sparktc-f2db87939ecb8d42-exec-5'), ('49:51', 'sparktc-f2db87939ecb8d42-exec-6'), ('49:51', 'sparktc-f2db87939ecb8d42-exec-7'), ('49:51', 'sparktc-f2db87939ecb8d42-exec-8'), ('50:00', 'sparktc-f2db87939ecb8d42-exec-1'), ('50:00', 'sparktc-f2db87939ecb8d42-exec-2'), ('50:00', 'sparktc-f2db87939ecb8d42-exec-3'), ('50:00', 'sparktc-f2db87939ecb8d42-exec-4'), ('50:01', 'sparktc-f2db87939ecb8d42-exec-5'), ('50:01', 'sparktc-f2db87939ecb8d42-exec-6'), ('50:01', 'sparktc-f2db87939ecb8d42-exec-7'), ('50:01', 'sparktc-f2db87939ecb8d42-exec-8'), ('50:09', 'sparktc-f2db87939ecb8d42-exec-1'), ('50:10', 'sparktc-f2db87939ecb8d42-exec-2'), ('50:10', 'sparktc-f2db87939ecb8d42-exec-3'), ('50:10', 'sparktc-f2db87939ecb8d42-exec-4'), ('50:10', 'sparktc-f2db87939ecb8d42-exec-5'), ('50:10', 'sparktc-f2db87939ecb8d42-exec-6'), ('50:11', 'sparktc-f2db87939ecb8d42-exec-7'), ('50:11', 'sparktc-f2db87939ecb8d42-exec-8'), ('50:19', 'sparktc-f2db87939ecb8d42-exec-1'), ('50:19', 'sparktc-f2db87939ecb8d42-exec-2'), ('50:19', 'sparktc-f2db87939ecb8d42-exec-3'), ('50:20', 'sparktc-f2db87939ecb8d42-exec-4'), ('50:20', 'sparktc-f2db87939ecb8d42-exec-5'), ('50:20', 'sparktc-f2db87939ecb8d42-exec-6'), ('50:20', 'sparktc-f2db87939ecb8d42-exec-7'), ('50:21', 'sparktc-f2db87939ecb8d42-exec-8'), ('50:28', 'sparktc-f2db87939ecb8d42-exec-1'), ('50:28', 'sparktc-f2db87939ecb8d42-exec-2'), ('50:28', 'sparktc-f2db87939ecb8d42-exec-3'), ('50:28', 'sparktc-f2db87939ecb8d42-exec-4'), ('50:28', 'sparktc-f2db87939ecb8d42-exec-5'), ('50:29', 'sparktc-f2db87939ecb8d42-exec-6'), ('50:29', 'sparktc-f2db87939ecb8d42-exec-7'), ('50:29', 'sparktc-f2db87939ecb8d42-exec-8'), ('50:37', 'sparktc-f2db87939ecb8d42-exec-1'), ('50:37', 'sparktc-f2db87939ecb8d42-exec-2'), ('50:37', 'sparktc-f2db87939ecb8d42-exec-3'), ('50:38', 'sparktc-f2db87939ecb8d42-exec-4'), ('50:38', 'sparktc-f2db87939ecb8d42-exec-5'), ('50:38', 'sparktc-f2db87939ecb8d42-exec-6'), ('50:39', 'sparktc-f2db87939ecb8d42-exec-7'), ('50:39', 'sparktc-f2db87939ecb8d42-exec-8'), ('50:44', 'sparktc-f2db87939ecb8d42-exec-1')]"
13,2024-12-07 01:45:48.675116,2024-12-07 01:51:07.890602,1896.538500000007,"[('46:13', 'sparktc-0b5914939ecba029-exec-1'), ('46:18', 'sparktc-0b5914939ecba029-exec-1'), ('46:24', 'sparktc-0b5914939ecba029-exec-1'), ('46:30', 'sparktc-0b5914939ecba029-exec-1'), ('46:30', 'sparktc-0b5914939ecba029-exec-2'), ('46:39', 'sparktc-0b5914939ecba029-exec-1'), ('46:40', 'sparktc-0b5914939ecba029-exec-2'), ('46:40', 'sparktc-0b5914939ecba029-exec-3'), ('46:40', 'sparktc-0b5914939ecba029-exec-4'), ('46:41', 'sparktc-0b5914939ecba029-exec-5'), ('46:48', 'sparktc-0b5914939ecba029-exec-1'), ('46:48', 'sparktc-0b5914939ecba029-exec-2'), ('46:48', 'sparktc-0b5914939ecba029-exec-3'), ('46:49', 'sparktc-0b5914939ecba029-exec-4'), ('46:49', 'sparktc-0b5914939ecba029-exec-5'), ('46:49', 'sparktc-0b5914939ecba029-exec-6'), ('46:49', 'sparktc-0b5914939ecba029-exec-7'), ('46:50', 'sparktc-0b5914939ecba029-exec-8'), ('46:56', 'sparktc-0b5914939ecba029-exec-1'), ('46:56', 'sparktc-0b5914939ecba029-exec-2'), ('46:57', 'sparktc-0b5914939ecba029-exec-3'), ('46:57', 'sparktc-0b5914939ecba029-exec-4'), ('46:57', 'sparktc-0b5914939ecba029-exec-5'), ('46:57', 'sparktc-0b5914939ecba029-exec-6'), ('46:57', 'sparktc-0b5914939ecba029-exec-7'), ('46:58', 'sparktc-0b5914939ecba029-exec-8'), ('47:04', 'sparktc-0b5914939ecba029-exec-1'), ('47:04', 'sparktc-0b5914939ecba029-exec-2'), ('47:05', 'sparktc-0b5914939ecba029-exec-3'), ('47:05', 'sparktc-0b5914939ecba029-exec-4'), ('47:05', 'sparktc-0b5914939ecba029-exec-5'), ('47:05', 'sparktc-0b5914939ecba029-exec-6'), ('47:05', 'sparktc-0b5914939ecba029-exec-7'), ('47:06', 'sparktc-0b5914939ecba029-exec-8'), ('47:12', 'sparktc-0b5914939ecba029-exec-1'), ('47:12', 'sparktc-0b5914939ecba029-exec-2'), ('47:12', 'sparktc-0b5914939ecba029-exec-3'), ('47:13', 'sparktc-0b5914939ecba029-exec-4'), ('47:13', 'sparktc-0b5914939ecba029-exec-5'), ('47:13', 'sparktc-0b5914939ecba029-exec-6'), ('47:13', 'sparktc-0b5914939ecba029-exec-7'), ('47:14', 'sparktc-0b5914939ecba029-exec-8'), ('47:20', 'sparktc-0b5914939ecba029-exec-1'), ('47:21', 'sparktc-0b5914939ecba029-exec-2'), ('47:21', 'sparktc-0b5914939ecba029-exec-3'), ('47:21', 'sparktc-0b5914939ecba029-exec-4'), ('47:21', 'sparktc-0b5914939ecba029-exec-5'), ('47:21', 'sparktc-0b5914939ecba029-exec-6'), ('47:22', 'sparktc-0b5914939ecba029-exec-7'), ('47:22', 'sparktc-0b5914939ecba029-exec-8'), ('47:29', 'sparktc-0b5914939ecba029-exec-1'), ('47:30', 'sparktc-0b5914939ecba029-exec-2'), ('47:30', 'sparktc-0b5914939ecba029-exec-3'), ('47:30', 'sparktc-0b5914939ecba029-exec-4'), ('47:30', 'sparktc-0b5914939ecba029-exec-5'), ('47:30', 'sparktc-0b5914939ecba029-exec-6'), ('47:31', 'sparktc-0b5914939ecba029-exec-7'), ('47:31', 'sparktc-0b5914939ecba029-exec-8'), ('47:39', 'sparktc-0b5914939ecba029-exec-1'), ('47:39', 'sparktc-0b5914939ecba029-exec-2'), ('47:39', 'sparktc-0b5914939ecba029-exec-3'), ('47:40', 'sparktc-0b5914939ecba029-exec-4'), ('47:40', 'sparktc-0b5914939ecba029-exec-5'), ('47:40', 'sparktc-0b5914939ecba029-exec-6'), ('47:40', 'sparktc-0b5914939ecba029-exec-7'), ('47:40', 'sparktc-0b5914939ecba029-exec-8'), ('47:49', 'sparktc-0b5914939ecba029-exec-1'), ('47:49', 'sparktc-0b5914939ecba029-exec-2'), ('47:49', 'sparktc-0b5914939ecba029-exec-3'), ('47:50', 'sparktc-0b5914939ecba029-exec-4'), ('47:50', 'sparktc-0b5914939ecba029-exec-5'), ('47:50', 'sparktc-0b5914939ecba029-exec-6'), ('47:50', 'sparktc-0b5914939ecba029-exec-7'), ('47:50', 'sparktc-0b5914939ecba029-exec-8'), ('47:59', 'sparktc-0b5914939ecba029-exec-1'), ('47:59', 'sparktc-0b5914939ecba029-exec-2'), ('47:59', 'sparktc-0b5914939ecba029-exec-3'), ('47:59', 'sparktc-0b5914939ecba029-exec-4'), ('47:59', 'sparktc-0b5914939ecba029-exec-5'), ('47:59', 'sparktc-0b5914939ecba029-exec-6'), ('48:00', 'sparktc-0b5914939ecba029-exec-7'), ('48:00', 'sparktc-0b5914939ecba029-exec-8'), ('48:08', 'sparktc-0b5914939ecba029-exec-1'), ('48:08', 'sparktc-0b5914939ecba029-exec-2'), ('48:09', 'sparktc-0b5914939ecba029-exec-3'), ('48:09', 'sparktc-0b5914939ecba029-exec-4'), ('48:09', 'sparktc-0b5914939ecba029-exec-5'), ('48:09', 'sparktc-0b5914939ecba029-exec-6'), ('48:09', 'sparktc-0b5914939ecba029-exec-7'), ('48:10', 'sparktc-0b5914939ecba029-exec-8'), ('48:17', 'sparktc-0b5914939ecba029-exec-1'), ('48:18', 'sparktc-0b5914939ecba029-exec-2'), ('48:18', 'sparktc-0b5914939ecba029-exec-3'), ('48:18', 'sparktc-0b5914939ecba029-exec-4'), ('48:18', 'sparktc-0b5914939ecba029-exec-5'), ('48:19', 'sparktc-0b5914939ecba029-exec-6'), ('48:19', 'sparktc-0b5914939ecba029-exec-7'), ('48:19', 'sparktc-0b5914939ecba029-exec-8'), ('48:27', 'sparktc-0b5914939ecba029-exec-1'), ('48:27', 'sparktc-0b5914939ecba029-exec-2'), ('48:27', 'sparktc-0b5914939ecba029-exec-3'), ('48:28', 'sparktc-0b5914939ecba029-exec-4'), ('48:28', 'sparktc-0b5914939ecba029-exec-5'), ('48:28', 'sparktc-0b5914939ecba029-exec-6'), ('48:28', 'sparktc-0b5914939ecba029-exec-7'), ('48:29', 'sparktc-0b5914939ecba029-exec-8'), ('48:37', 'sparktc-0b5914939ecba029-exec-1'), ('48:37', 'sparktc-0b5914939ecba029-exec-2'), ('48:37', 'sparktc-0b5914939ecba029-exec-3'), ('48:37', 'sparktc-0b5914939ecba029-exec-4'), ('48:37', 'sparktc-0b5914939ecba029-exec-5'), ('48:37', 'sparktc-0b5914939ecba029-exec-6'), ('48:38', 'sparktc-0b5914939ecba029-exec-7'), ('48:38', 'sparktc-0b5914939ecba029-exec-8'), ('48:46', 'sparktc-0b5914939ecba029-exec-1'), ('48:46', 'sparktc-0b5914939ecba029-exec-2'), ('48:46', 'sparktc-0b5914939ecba029-exec-3'), ('48:47', 'sparktc-0b5914939ecba029-exec-4'), ('48:47', 'sparktc-0b5914939ecba029-exec-5'), ('48:47', 'sparktc-0b5914939ecba029-exec-6'), ('48:47', 'sparktc-0b5914939ecba029-exec-7'), ('48:47', 'sparktc-0b5914939ecba029-exec-8'), ('48:55', 'sparktc-0b5914939ecba029-exec-1'), ('48:56', 'sparktc-0b5914939ecba029-exec-2'), ('48:56', 'sparktc-0b5914939ecba029-exec-3'), ('48:56', 'sparktc-0b5914939ecba029-exec-4'), ('48:56', 'sparktc-0b5914939ecba029-exec-5'), ('48:57', 'sparktc-0b5914939ecba029-exec-6'), ('48:57', 'sparktc-0b5914939ecba029-exec-7'), ('48:57', 'sparktc-0b5914939ecba029-exec-8'), ('49:05', 'sparktc-0b5914939ecba029-exec-1'), ('49:05', 'sparktc-0b5914939ecba029-exec-2'), ('49:05', 'sparktc-0b5914939ecba029-exec-3'), ('49:05', 'sparktc-0b5914939ecba029-exec-4'), ('49:06', 'sparktc-0b5914939ecba029-exec-5'), ('49:06', 'sparktc-0b5914939ecba029-exec-6'), ('49:06', 'sparktc-0b5914939ecba029-exec-7'), ('49:06', 'sparktc-0b5914939ecba029-exec-8'), ('49:14', 'sparktc-0b5914939ecba029-exec-1'), ('49:14', 'sparktc-0b5914939ecba029-exec-2'), ('49:15', 'sparktc-0b5914939ecba029-exec-3'), ('49:15', 'sparktc-0b5914939ecba029-exec-4'), ('49:15', 'sparktc-0b5914939ecba029-exec-5'), ('49:15', 'sparktc-0b5914939ecba029-exec-6'), ('49:16', 'sparktc-0b5914939ecba029-exec-7'), ('49:16', 'sparktc-0b5914939ecba029-exec-8'), ('49:24', 'sparktc-0b5914939ecba029-exec-1'), ('49:24', 'sparktc-0b5914939ecba029-exec-2'), ('49:24', 'sparktc-0b5914939ecba029-exec-3'), ('49:25', 'sparktc-0b5914939ecba029-exec-4'), ('49:25', 'sparktc-0b5914939ecba029-exec-5'), ('49:25', 'sparktc-0b5914939ecba029-exec-6'), ('49:25', 'sparktc-0b5914939ecba029-exec-7'), ('49:25', 'sparktc-0b5914939ecba029-exec-8'), ('49:33', 'sparktc-0b5914939ecba029-exec-1'), ('49:34', 'sparktc-0b5914939ecba029-exec-2'), ('49:34', 'sparktc-0b5914939ecba029-exec-3'), ('49:34', 'sparktc-0b5914939ecba029-exec-4'), ('49:34', 'sparktc-0b5914939ecba029-exec-5'), ('49:35', 'sparktc-0b5914939ecba029-exec-6'), ('49:35', 'sparktc-0b5914939ecba029-exec-7'), ('49:35', 'sparktc-0b5914939ecba029-exec-8'), ('49:43', 'sparktc-0b5914939ecba029-exec-1'), ('49:43', 'sparktc-0b5914939ecba029-exec-2'), ('49:44', 'sparktc-0b5914939ecba029-exec-3'), ('49:44', 'sparktc-0b5914939ecba029-exec-4'), ('49:44', 'sparktc-0b5914939ecba029-exec-5'), ('49:44', 'sparktc-0b5914939ecba029-exec-6'), ('49:44', 'sparktc-0b5914939ecba029-exec-7'), ('49:45', 'sparktc-0b5914939ecba029-exec-8'), ('49:53', 'sparktc-0b5914939ecba029-exec-1'), ('49:53', 'sparktc-0b5914939ecba029-exec-2'), ('49:53', 'sparktc-0b5914939ecba029-exec-3'), ('49:53', 'sparktc-0b5914939ecba029-exec-4'), ('49:54', 'sparktc-0b5914939ecba029-exec-5'), ('49:54', 'sparktc-0b5914939ecba029-exec-6'), ('49:54', 'sparktc-0b5914939ecba029-exec-7'), ('49:54', 'sparktc-0b5914939ecba029-exec-8'), ('50:03', 'sparktc-0b5914939ecba029-exec-1'), ('50:03', 'sparktc-0b5914939ecba029-exec-2'), ('50:03', 'sparktc-0b5914939ecba029-exec-3'), ('50:03', 'sparktc-0b5914939ecba029-exec-4'), ('50:03', 'sparktc-0b5914939ecba029-exec-5'), ('50:04', 'sparktc-0b5914939ecba029-exec-6'), ('50:04', 'sparktc-0b5914939ecba029-exec-7'), ('50:04', 'sparktc-0b5914939ecba029-exec-8'), ('50:12', 'sparktc-0b5914939ecba029-exec-1'), ('50:12', 'sparktc-0b5914939ecba029-exec-2'), ('50:13', 'sparktc-0b5914939ecba029-exec-3'), ('50:13', 'sparktc-0b5914939ecba029-exec-4'), ('50:13', 'sparktc-0b5914939ecba029-exec-5'), ('50:13', 'sparktc-0b5914939ecba029-exec-6'), ('50:13', 'sparktc-0b5914939ecba029-exec-7'), ('50:14', 'sparktc-0b5914939ecba029-exec-8'), ('50:22', 'sparktc-0b5914939ecba029-exec-1'), ('50:22', 'sparktc-0b5914939ecba029-exec-2'), ('50:23', 'sparktc-0b5914939ecba029-exec-3'), ('50:23', 'sparktc-0b5914939ecba029-exec-4'), ('50:23', 'sparktc-0b5914939ecba029-exec-5'), ('50:23', 'sparktc-0b5914939ecba029-exec-6'), ('50:23', 'sparktc-0b5914939ecba029-exec-7'), ('50:24', 'sparktc-0b5914939ecba029-exec-8'), ('50:32', 'sparktc-0b5914939ecba029-exec-1'), ('50:32', 'sparktc-0b5914939ecba029-exec-2'), ('50:32', 'sparktc-0b5914939ecba029-exec-3'), ('50:33', 'sparktc-0b5914939ecba029-exec-4'), ('50:33', 'sparktc-0b5914939ecba029-exec-5'), ('50:33', 'sparktc-0b5914939ecba029-exec-6'), ('50:33', 'sparktc-0b5914939ecba029-exec-7'), ('50:34', 'sparktc-0b5914939ecba029-exec-8'), ('50:40', 'sparktc-0b5914939ecba029-exec-1'), ('50:41', 'sparktc-0b5914939ecba029-exec-2'), ('50:41', 'sparktc-0b5914939ecba029-exec-3'), ('50:41', 'sparktc-0b5914939ecba029-exec-4'), ('50:41', 'sparktc-0b5914939ecba029-exec-5'), ('50:42', 'sparktc-0b5914939ecba029-exec-6'), ('50:42', 'sparktc-0b5914939ecba029-exec-7'), ('50:42', 'sparktc-0b5914939ecba029-exec-8'), ('50:48', 'sparktc-0b5914939ecba029-exec-1'), ('50:48', 'sparktc-0b5914939ecba029-exec-2'), ('50:49', 'sparktc-0b5914939ecba029-exec-3'), ('50:49', 'sparktc-0b5914939ecba029-exec-4'), ('50:49', 'sparktc-0b5914939ecba029-exec-5'), ('50:49', 'sparktc-0b5914939ecba029-exec-6'), ('50:50', 'sparktc-0b5914939ecba029-exec-7'), ('50:50', 'sparktc-0b5914939ecba029-exec-8'), ('50:53', 'sparktc-0b5914939ecba029-exec-1'), ('50:53', 'sparktc-0b5914939ecba029-exec-2'), ('50:53', 'sparktc-0b5914939ecba029-exec-3'), ('50:54', 'sparktc-0b5914939ecba029-exec-4'), ('50:54', 'sparktc-0b5914939ecba029-exec-5'), ('50:54', 'sparktc-0b5914939ecba029-exec-6'), ('50:55', 'sparktc-0b5914939ecba029-exec-7'), ('50:55', 'sparktc-0b5914939ecba029-exec-8'), ('50:59', 'sparktc-0b5914939ecba029-exec-1'), ('50:59', 'sparktc-0b5914939ecba029-exec-2'), ('50:59', 'sparktc-0b5914939ecba029-exec-3'), ('50:59', 'sparktc-0b5914939ecba029-exec-4'), ('50:59', 'sparktc-0b5914939ecba029-exec-5'), ('51:00', 'sparktc-0b5914939ecba029-exec-6'), ('51:00', 'sparktc-0b5914939ecba029-exec-7'), ('51:00', 'sparktc-0b5914939ecba029-exec-8')]"
14,2024-12-07 01:46:38.907690,2024-12-07 01:51:57.178631,1963.6885000000102,"[('47:09', 'sparktc-c2b253939ecc5723-exec-1'), ('47:17', 'sparktc-c2b253939ecc5723-exec-1'), ('47:26', 'sparktc-c2b253939ecc5723-exec-1'), ('47:26', 'sparktc-c2b253939ecc5723-exec-2'), ('47:26', 'sparktc-c2b253939ecc5723-exec-3'), ('47:26', 'sparktc-c2b253939ecc5723-exec-4'), ('47:26', 'sparktc-c2b253939ecc5723-exec-5'), ('47:34', 'sparktc-c2b253939ecc5723-exec-1'), ('47:35', 'sparktc-c2b253939ecc5723-exec-2'), ('47:35', 'sparktc-c2b253939ecc5723-exec-3'), ('47:35', 'sparktc-c2b253939ecc5723-exec-4'), ('47:35', 'sparktc-c2b253939ecc5723-exec-5'), ('47:36', 'sparktc-c2b253939ecc5723-exec-6'), ('47:36', 'sparktc-c2b253939ecc5723-exec-7'), ('47:36', 'sparktc-c2b253939ecc5723-exec-8'), ('47:44', 'sparktc-c2b253939ecc5723-exec-1'), ('47:44', 'sparktc-c2b253939ecc5723-exec-2'), ('47:44', 'sparktc-c2b253939ecc5723-exec-3'), ('47:45', 'sparktc-c2b253939ecc5723-exec-4'), ('47:45', 'sparktc-c2b253939ecc5723-exec-5'), ('47:45', 'sparktc-c2b253939ecc5723-exec-6'), ('47:45', 'sparktc-c2b253939ecc5723-exec-7'), ('47:46', 'sparktc-c2b253939ecc5723-exec-8'), ('47:54', 'sparktc-c2b253939ecc5723-exec-1'), ('47:54', 'sparktc-c2b253939ecc5723-exec-2'), ('47:54', 'sparktc-c2b253939ecc5723-exec-3'), ('47:55', 'sparktc-c2b253939ecc5723-exec-4'), ('47:55', 'sparktc-c2b253939ecc5723-exec-5'), ('47:55', 'sparktc-c2b253939ecc5723-exec-6'), ('47:55', 'sparktc-c2b253939ecc5723-exec-7'), ('47:55', 'sparktc-c2b253939ecc5723-exec-8'), ('48:03', 'sparktc-c2b253939ecc5723-exec-1'), ('48:04', 'sparktc-c2b253939ecc5723-exec-2'), ('48:04', 'sparktc-c2b253939ecc5723-exec-3'), ('48:04', 'sparktc-c2b253939ecc5723-exec-4'), ('48:04', 'sparktc-c2b253939ecc5723-exec-5'), ('48:05', 'sparktc-c2b253939ecc5723-exec-6'), ('48:05', 'sparktc-c2b253939ecc5723-exec-7'), ('48:05', 'sparktc-c2b253939ecc5723-exec-8'), ('48:13', 'sparktc-c2b253939ecc5723-exec-1'), ('48:13', 'sparktc-c2b253939ecc5723-exec-2'), ('48:13', 'sparktc-c2b253939ecc5723-exec-3'), ('48:13', 'sparktc-c2b253939ecc5723-exec-4'), ('48:14', 'sparktc-c2b253939ecc5723-exec-5'), ('48:14', 'sparktc-c2b253939ecc5723-exec-6'), ('48:14', 'sparktc-c2b253939ecc5723-exec-7'), ('48:14', 'sparktc-c2b253939ecc5723-exec-8'), ('48:23', 'sparktc-c2b253939ecc5723-exec-1'), ('48:23', 'sparktc-c2b253939ecc5723-exec-2'), ('48:23', 'sparktc-c2b253939ecc5723-exec-3'), ('48:23', 'sparktc-c2b253939ecc5723-exec-4'), ('48:23', 'sparktc-c2b253939ecc5723-exec-5'), ('48:24', 'sparktc-c2b253939ecc5723-exec-6'), ('48:24', 'sparktc-c2b253939ecc5723-exec-7'), ('48:24', 'sparktc-c2b253939ecc5723-exec-8'), ('48:32', 'sparktc-c2b253939ecc5723-exec-1'), ('48:32', 'sparktc-c2b253939ecc5723-exec-2'), ('48:32', 'sparktc-c2b253939ecc5723-exec-3'), ('48:33', 'sparktc-c2b253939ecc5723-exec-4'), ('48:33', 'sparktc-c2b253939ecc5723-exec-5'), ('48:33', 'sparktc-c2b253939ecc5723-exec-6'), ('48:33', 'sparktc-c2b253939ecc5723-exec-7'), ('48:33', 'sparktc-c2b253939ecc5723-exec-8'), ('48:41', 'sparktc-c2b253939ecc5723-exec-1'), ('48:42', 'sparktc-c2b253939ecc5723-exec-2'), ('48:42', 'sparktc-c2b253939ecc5723-exec-3'), ('48:42', 'sparktc-c2b253939ecc5723-exec-4'), ('48:42', 'sparktc-c2b253939ecc5723-exec-5'), ('48:43', 'sparktc-c2b253939ecc5723-exec-6'), ('48:43', 'sparktc-c2b253939ecc5723-exec-7'), ('48:43', 'sparktc-c2b253939ecc5723-exec-8'), ('48:51', 'sparktc-c2b253939ecc5723-exec-1'), ('48:51', 'sparktc-c2b253939ecc5723-exec-2'), ('48:51', 'sparktc-c2b253939ecc5723-exec-3'), ('48:51', 'sparktc-c2b253939ecc5723-exec-4'), ('48:52', 'sparktc-c2b253939ecc5723-exec-5'), ('48:52', 'sparktc-c2b253939ecc5723-exec-6'), ('48:52', 'sparktc-c2b253939ecc5723-exec-7'), ('48:52', 'sparktc-c2b253939ecc5723-exec-8'), ('49:00', 'sparktc-c2b253939ecc5723-exec-1'), ('49:01', 'sparktc-c2b253939ecc5723-exec-2'), ('49:01', 'sparktc-c2b253939ecc5723-exec-3'), ('49:01', 'sparktc-c2b253939ecc5723-exec-4'), ('49:01', 'sparktc-c2b253939ecc5723-exec-5'), ('49:01', 'sparktc-c2b253939ecc5723-exec-6'), ('49:02', 'sparktc-c2b253939ecc5723-exec-7'), ('49:02', 'sparktc-c2b253939ecc5723-exec-8'), ('49:10', 'sparktc-c2b253939ecc5723-exec-1'), ('49:10', 'sparktc-c2b253939ecc5723-exec-2'), ('49:10', 'sparktc-c2b253939ecc5723-exec-3'), ('49:11', 'sparktc-c2b253939ecc5723-exec-4'), ('49:11', 'sparktc-c2b253939ecc5723-exec-5'), ('49:11', 'sparktc-c2b253939ecc5723-exec-6'), ('49:11', 'sparktc-c2b253939ecc5723-exec-7'), ('49:11', 'sparktc-c2b253939ecc5723-exec-8'), ('49:19', 'sparktc-c2b253939ecc5723-exec-1'), ('49:20', 'sparktc-c2b253939ecc5723-exec-2'), ('49:20', 'sparktc-c2b253939ecc5723-exec-3'), ('49:20', 'sparktc-c2b253939ecc5723-exec-4'), ('49:20', 'sparktc-c2b253939ecc5723-exec-5'), ('49:20', 'sparktc-c2b253939ecc5723-exec-6'), ('49:21', 'sparktc-c2b253939ecc5723-exec-7'), ('49:21', 'sparktc-c2b253939ecc5723-exec-8'), ('49:29', 'sparktc-c2b253939ecc5723-exec-1'), ('49:29', 'sparktc-c2b253939ecc5723-exec-2'), ('49:29', 'sparktc-c2b253939ecc5723-exec-3'), ('49:30', 'sparktc-c2b253939ecc5723-exec-4'), ('49:30', 'sparktc-c2b253939ecc5723-exec-5'), ('49:30', 'sparktc-c2b253939ecc5723-exec-6'), ('49:30', 'sparktc-c2b253939ecc5723-exec-7'), ('49:30', 'sparktc-c2b253939ecc5723-exec-8'), ('49:39', 'sparktc-c2b253939ecc5723-exec-1'), ('49:39', 'sparktc-c2b253939ecc5723-exec-2'), ('49:39', 'sparktc-c2b253939ecc5723-exec-3'), ('49:39', 'sparktc-c2b253939ecc5723-exec-4'), ('49:40', 'sparktc-c2b253939ecc5723-exec-5'), ('49:40', 'sparktc-c2b253939ecc5723-exec-6'), ('49:40', 'sparktc-c2b253939ecc5723-exec-7'), ('49:40', 'sparktc-c2b253939ecc5723-exec-8'), ('49:48', 'sparktc-c2b253939ecc5723-exec-1'), ('49:48', 'sparktc-c2b253939ecc5723-exec-2'), ('49:49', 'sparktc-c2b253939ecc5723-exec-3'), ('49:49', 'sparktc-c2b253939ecc5723-exec-4'), ('49:49', 'sparktc-c2b253939ecc5723-exec-5'), ('49:49', 'sparktc-c2b253939ecc5723-exec-6'), ('49:49', 'sparktc-c2b253939ecc5723-exec-7'), ('49:50', 'sparktc-c2b253939ecc5723-exec-8'), ('49:58', 'sparktc-c2b253939ecc5723-exec-1'), ('49:58', 'sparktc-c2b253939ecc5723-exec-2'), ('49:58', 'sparktc-c2b253939ecc5723-exec-3'), ('49:59', 'sparktc-c2b253939ecc5723-exec-4'), ('49:59', 'sparktc-c2b253939ecc5723-exec-5'), ('49:59', 'sparktc-c2b253939ecc5723-exec-6'), ('49:59', 'sparktc-c2b253939ecc5723-exec-7'), ('49:59', 'sparktc-c2b253939ecc5723-exec-8'), ('50:08', 'sparktc-c2b253939ecc5723-exec-1'), ('50:08', 'sparktc-c2b253939ecc5723-exec-2'), ('50:08', 'sparktc-c2b253939ecc5723-exec-3'), ('50:08', 'sparktc-c2b253939ecc5723-exec-4'), ('50:09', 'sparktc-c2b253939ecc5723-exec-5'), ('50:09', 'sparktc-c2b253939ecc5723-exec-6'), ('50:09', 'sparktc-c2b253939ecc5723-exec-7'), ('50:09', 'sparktc-c2b253939ecc5723-exec-8'), ('50:17', 'sparktc-c2b253939ecc5723-exec-1'), ('50:17', 'sparktc-c2b253939ecc5723-exec-2'), ('50:18', 'sparktc-c2b253939ecc5723-exec-3'), ('50:18', 'sparktc-c2b253939ecc5723-exec-4'), ('50:18', 'sparktc-c2b253939ecc5723-exec-5'), ('50:18', 'sparktc-c2b253939ecc5723-exec-6'), ('50:18', 'sparktc-c2b253939ecc5723-exec-7'), ('50:19', 'sparktc-c2b253939ecc5723-exec-8'), ('50:26', 'sparktc-c2b253939ecc5723-exec-1'), ('50:26', 'sparktc-c2b253939ecc5723-exec-2'), ('50:26', 'sparktc-c2b253939ecc5723-exec-3'), ('50:27', 'sparktc-c2b253939ecc5723-exec-4'), ('50:27', 'sparktc-c2b253939ecc5723-exec-5'), ('50:27', 'sparktc-c2b253939ecc5723-exec-6'), ('50:27', 'sparktc-c2b253939ecc5723-exec-7'), ('50:27', 'sparktc-c2b253939ecc5723-exec-8'), ('50:34', 'sparktc-c2b253939ecc5723-exec-1'), ('50:35', 'sparktc-c2b253939ecc5723-exec-2'), ('50:35', 'sparktc-c2b253939ecc5723-exec-3'), ('50:35', 'sparktc-c2b253939ecc5723-exec-4'), ('50:36', 'sparktc-c2b253939ecc5723-exec-5'), ('50:36', 'sparktc-c2b253939ecc5723-exec-6'), ('50:36', 'sparktc-c2b253939ecc5723-exec-7'), ('50:36', 'sparktc-c2b253939ecc5723-exec-8'), ('50:42', 'sparktc-c2b253939ecc5723-exec-1'), ('50:43', 'sparktc-c2b253939ecc5723-exec-2'), ('50:43', 'sparktc-c2b253939ecc5723-exec-3'), ('50:43', 'sparktc-c2b253939ecc5723-exec-4'), ('50:43', 'sparktc-c2b253939ecc5723-exec-5'), ('50:44', 'sparktc-c2b253939ecc5723-exec-6'), ('50:44', 'sparktc-c2b253939ecc5723-exec-7'), ('50:44', 'sparktc-c2b253939ecc5723-exec-8'), ('50:50', 'sparktc-c2b253939ecc5723-exec-1'), ('50:50', 'sparktc-c2b253939ecc5723-exec-2'), ('50:51', 'sparktc-c2b253939ecc5723-exec-3'), ('50:51', 'sparktc-c2b253939ecc5723-exec-4'), ('50:51', 'sparktc-c2b253939ecc5723-exec-5'), ('50:51', 'sparktc-c2b253939ecc5723-exec-6'), ('50:51', 'sparktc-c2b253939ecc5723-exec-7'), ('50:52', 'sparktc-c2b253939ecc5723-exec-8'), ('50:56', 'sparktc-c2b253939ecc5723-exec-1'), ('50:56', 'sparktc-c2b253939ecc5723-exec-2'), ('50:56', 'sparktc-c2b253939ecc5723-exec-3'), ('50:56', 'sparktc-c2b253939ecc5723-exec-4'), ('50:56', 'sparktc-c2b253939ecc5723-exec-5'), ('50:57', 'sparktc-c2b253939ecc5723-exec-6'), ('50:57', 'sparktc-c2b253939ecc5723-exec-7'), ('50:57', 'sparktc-c2b253939ecc5723-exec-8'), ('51:01', 'sparktc-c2b253939ecc5723-exec-1'), ('51:01', 'sparktc-c2b253939ecc5723-exec-2'), ('51:01', 'sparktc-c2b253939ecc5723-exec-3'), ('51:02', 'sparktc-c2b253939ecc5723-exec-4'), ('51:02', 'sparktc-c2b253939ecc5723-exec-5'), ('51:02', 'sparktc-c2b253939ecc5723-exec-6'), ('51:02', 'sparktc-c2b253939ecc5723-exec-7'), ('51:03', 'sparktc-c2b253939ecc5723-exec-8'), ('51:05', 'sparktc-c2b253939ecc5723-exec-1'), ('51:05', 'sparktc-c2b253939ecc5723-exec-2'), ('51:05', 'sparktc-c2b253939ecc5723-exec-3'), ('51:06', 'sparktc-c2b253939ecc5723-exec-4'), ('51:06', 'sparktc-c2b253939ecc5723-exec-5'), ('51:06', 'sparktc-c2b253939ecc5723-exec-6'), ('51:06', 'sparktc-c2b253939ecc5723-exec-7'), ('51:06', 'sparktc-c2b253939ecc5723-exec-8'), ('51:10', 'sparktc-c2b253939ecc5723-exec-1'), ('51:10', 'sparktc-c2b253939ecc5723-exec-2'), ('51:10', 'sparktc-c2b253939ecc5723-exec-3'), ('51:11', 'sparktc-c2b253939ecc5723-exec-4'), ('51:11', 'sparktc-c2b253939ecc5723-exec-5'), ('51:11', 'sparktc-c2b253939ecc5723-exec-6'), ('51:11', 'sparktc-c2b253939ecc5723-exec-7'), ('51:12', 'sparktc-c2b253939ecc5723-exec-8'), ('51:16', 'sparktc-c2b253939ecc5723-exec-1'), ('51:16', 'sparktc-c2b253939ecc5723-exec-2'), ('51:16', 'sparktc-c2b253939ecc5723-exec-3'), ('51:17', 'sparktc-c2b253939ecc5723-exec-4'), ('51:17', 'sparktc-c2b253939ecc5723-exec-5'), ('51:17', 'sparktc-c2b253939ecc5723-exec-6'), ('51:17', 'sparktc-c2b253939ecc5723-exec-7'), ('51:18', 'sparktc-c2b253939ecc5723-exec-8'), ('51:22', 'sparktc-c2b253939ecc5723-exec-1'), ('51:22', 'sparktc-c2b253939ecc5723-exec-2'), ('51:22', 'sparktc-c2b253939ecc5723-exec-3'), ('51:23', 'sparktc-c2b253939ecc5723-exec-4'), ('51:23', 'sparktc-c2b253939ecc5723-exec-5'), ('51:23', 'sparktc-c2b253939ecc5723-exec-6'), ('51:23', 'sparktc-c2b253939ecc5723-exec-7'), ('51:24', 'sparktc-c2b253939ecc5723-exec-8'), ('51:29', 'sparktc-c2b253939ecc5723-exec-1'), ('51:29', 'sparktc-c2b253939ecc5723-exec-2'), ('51:30', 'sparktc-c2b253939ecc5723-exec-3'), ('51:30', 'sparktc-c2b253939ecc5723-exec-4'), ('51:30', 'sparktc-c2b253939ecc5723-exec-5'), ('51:30', 'sparktc-c2b253939ecc5723-exec-6'), ('51:31', 'sparktc-c2b253939ecc5723-exec-7'), ('51:31', 'sparktc-c2b253939ecc5723-exec-8'), ('51:38', 'sparktc-c2b253939ecc5723-exec-1'), ('51:38', 'sparktc-c2b253939ecc5723-exec-2'), ('51:38', 'sparktc-c2b253939ecc5723-exec-3'), ('51:38', 'sparktc-c2b253939ecc5723-exec-4'), ('51:39', 'sparktc-c2b253939ecc5723-exec-5'), ('51:39', 'sparktc-c2b253939ecc5723-exec-6'), ('51:39', 'sparktc-c2b253939ecc5723-exec-7'), ('51:39', 'sparktc-c2b253939ecc5723-exec-8'), ('51:46', 'sparktc-c2b253939ecc5723-exec-1'), ('51:47', 'sparktc-c2b253939ecc5723-exec-2'), ('51:47', 'sparktc-c2b253939ecc5723-exec-3'), ('51:47', 'sparktc-c2b253939ecc5723-exec-4'), ('51:47', 'sparktc-c2b253939ecc5723-exec-5'), ('51:48', 'sparktc-c2b253939ecc5723-exec-6')]"
15,2024-12-07 01:50:30.742204,2024-12-07 01:55:42.021039,1870.3756666666688,"[('50:55', 'sparktc-6b0518939ecfe442-exec-1'), ('51:01', 'sparktc-6b0518939ecfe442-exec-1'), ('51:05', 'sparktc-6b0518939ecfe442-exec-1'), ('51:05', 'sparktc-6b0518939ecfe442-exec-2'), ('51:09', 'sparktc-6b0518939ecfe442-exec-1'), ('51:09', 'sparktc-6b0518939ecfe442-exec-2'), ('51:09', 'sparktc-6b0518939ecfe442-exec-3'), ('51:14', 'sparktc-6b0518939ecfe442-exec-1'), ('51:15', 'sparktc-6b0518939ecfe442-exec-2'), ('51:15', 'sparktc-6b0518939ecfe442-exec-3'), ('51:15', 'sparktc-6b0518939ecfe442-exec-4'), ('51:15', 'sparktc-6b0518939ecfe442-exec-5'), ('51:20', 'sparktc-6b0518939ecfe442-exec-1'), ('51:21', 'sparktc-6b0518939ecfe442-exec-2'), ('51:21', 'sparktc-6b0518939ecfe442-exec-3'), ('51:21', 'sparktc-6b0518939ecfe442-exec-4'), ('51:21', 'sparktc-6b0518939ecfe442-exec-5'), ('51:21', 'sparktc-6b0518939ecfe442-exec-6'), ('51:22', 'sparktc-6b0518939ecfe442-exec-7'), ('51:27', 'sparktc-6b0518939ecfe442-exec-1'), ('51:27', 'sparktc-6b0518939ecfe442-exec-2'), ('51:27', 'sparktc-6b0518939ecfe442-exec-3'), ('51:27', 'sparktc-6b0518939ecfe442-exec-4'), ('51:28', 'sparktc-6b0518939ecfe442-exec-5'), ('51:28', 'sparktc-6b0518939ecfe442-exec-6'), ('51:28', 'sparktc-6b0518939ecfe442-exec-7'), ('51:28', 'sparktc-6b0518939ecfe442-exec-8'), ('51:34', 'sparktc-6b0518939ecfe442-exec-1'), ('51:34', 'sparktc-6b0518939ecfe442-exec-2'), ('51:35', 'sparktc-6b0518939ecfe442-exec-3'), ('51:35', 'sparktc-6b0518939ecfe442-exec-4'), ('51:35', 'sparktc-6b0518939ecfe442-exec-5'), ('51:35', 'sparktc-6b0518939ecfe442-exec-6'), ('51:36', 'sparktc-6b0518939ecfe442-exec-7'), ('51:36', 'sparktc-6b0518939ecfe442-exec-8'), ('51:42', 'sparktc-6b0518939ecfe442-exec-1'), ('51:43', 'sparktc-6b0518939ecfe442-exec-2'), ('51:43', 'sparktc-6b0518939ecfe442-exec-3'), ('51:43', 'sparktc-6b0518939ecfe442-exec-4'), ('51:43', 'sparktc-6b0518939ecfe442-exec-5'), ('51:43', 'sparktc-6b0518939ecfe442-exec-6'), ('51:44', 'sparktc-6b0518939ecfe442-exec-7'), ('51:44', 'sparktc-6b0518939ecfe442-exec-8'), ('51:52', 'sparktc-6b0518939ecfe442-exec-1'), ('51:52', 'sparktc-6b0518939ecfe442-exec-2'), ('51:52', 'sparktc-6b0518939ecfe442-exec-3'), ('51:52', 'sparktc-6b0518939ecfe442-exec-4'), ('51:52', 'sparktc-6b0518939ecfe442-exec-5'), ('51:53', 'sparktc-6b0518939ecfe442-exec-6'), ('51:53', 'sparktc-6b0518939ecfe442-exec-7'), ('51:53', 'sparktc-6b0518939ecfe442-exec-8'), ('52:00', 'sparktc-6b0518939ecfe442-exec-1'), ('52:00', 'sparktc-6b0518939ecfe442-exec-2'), ('52:00', 'sparktc-6b0518939ecfe442-exec-3'), ('52:00', 'sparktc-6b0518939ecfe442-exec-4'), ('52:01', 'sparktc-6b0518939ecfe442-exec-5'), ('52:01', 'sparktc-6b0518939ecfe442-exec-6'), ('52:01', 'sparktc-6b0518939ecfe442-exec-7'), ('52:02', 'sparktc-6b0518939ecfe442-exec-8'), ('52:09', 'sparktc-6b0518939ecfe442-exec-1'), ('52:09', 'sparktc-6b0518939ecfe442-exec-2'), ('52:09', 'sparktc-6b0518939ecfe442-exec-3'), ('52:10', 'sparktc-6b0518939ecfe442-exec-4'), ('52:10', 'sparktc-6b0518939ecfe442-exec-5'), ('52:10', 'sparktc-6b0518939ecfe442-exec-6'), ('52:10', 'sparktc-6b0518939ecfe442-exec-7'), ('52:10', 'sparktc-6b0518939ecfe442-exec-8'), ('52:17', 'sparktc-6b0518939ecfe442-exec-1'), ('52:17', 'sparktc-6b0518939ecfe442-exec-2'), ('52:17', 'sparktc-6b0518939ecfe442-exec-3'), ('52:18', 'sparktc-6b0518939ecfe442-exec-4'), ('52:18', 'sparktc-6b0518939ecfe442-exec-5'), ('52:18', 'sparktc-6b0518939ecfe442-exec-6'), ('52:18', 'sparktc-6b0518939ecfe442-exec-7'), ('52:18', 'sparktc-6b0518939ecfe442-exec-8'), ('52:25', 'sparktc-6b0518939ecfe442-exec-1'), ('52:25', 'sparktc-6b0518939ecfe442-exec-2'), ('52:25', 'sparktc-6b0518939ecfe442-exec-3'), ('52:26', 'sparktc-6b0518939ecfe442-exec-4'), ('52:26', 'sparktc-6b0518939ecfe442-exec-5'), ('52:26', 'sparktc-6b0518939ecfe442-exec-6'), ('52:26', 'sparktc-6b0518939ecfe442-exec-7'), ('52:27', 'sparktc-6b0518939ecfe442-exec-8'), ('52:34', 'sparktc-6b0518939ecfe442-exec-1'), ('52:34', 'sparktc-6b0518939ecfe442-exec-2'), ('52:34', 'sparktc-6b0518939ecfe442-exec-3'), ('52:34', 'sparktc-6b0518939ecfe442-exec-4'), ('52:35', 'sparktc-6b0518939ecfe442-exec-5'), ('52:35', 'sparktc-6b0518939ecfe442-exec-6'), ('52:35', 'sparktc-6b0518939ecfe442-exec-7'), ('52:35', 'sparktc-6b0518939ecfe442-exec-8'), ('52:43', 'sparktc-6b0518939ecfe442-exec-1'), ('52:43', 'sparktc-6b0518939ecfe442-exec-2'), ('52:44', 'sparktc-6b0518939ecfe442-exec-3'), ('52:44', 'sparktc-6b0518939ecfe442-exec-4'), ('52:44', 'sparktc-6b0518939ecfe442-exec-5'), ('52:44', 'sparktc-6b0518939ecfe442-exec-6'), ('52:44', 'sparktc-6b0518939ecfe442-exec-7'), ('52:45', 'sparktc-6b0518939ecfe442-exec-8'), ('52:53', 'sparktc-6b0518939ecfe442-exec-1'), ('52:53', 'sparktc-6b0518939ecfe442-exec-2'), ('52:53', 'sparktc-6b0518939ecfe442-exec-3'), ('52:54', 'sparktc-6b0518939ecfe442-exec-4'), ('52:54', 'sparktc-6b0518939ecfe442-exec-5'), ('52:54', 'sparktc-6b0518939ecfe442-exec-6'), ('52:54', 'sparktc-6b0518939ecfe442-exec-7'), ('52:55', 'sparktc-6b0518939ecfe442-exec-8'), ('53:03', 'sparktc-6b0518939ecfe442-exec-1'), ('53:03', 'sparktc-6b0518939ecfe442-exec-2'), ('53:03', 'sparktc-6b0518939ecfe442-exec-3'), ('53:03', 'sparktc-6b0518939ecfe442-exec-4'), ('53:04', 'sparktc-6b0518939ecfe442-exec-5'), ('53:04', 'sparktc-6b0518939ecfe442-exec-6'), ('53:04', 'sparktc-6b0518939ecfe442-exec-7'), ('53:04', 'sparktc-6b0518939ecfe442-exec-8'), ('53:13', 'sparktc-6b0518939ecfe442-exec-1'), ('53:13', 'sparktc-6b0518939ecfe442-exec-2'), ('53:13', 'sparktc-6b0518939ecfe442-exec-3'), ('53:13', 'sparktc-6b0518939ecfe442-exec-4'), ('53:14', 'sparktc-6b0518939ecfe442-exec-5'), ('53:14', 'sparktc-6b0518939ecfe442-exec-6'), ('53:14', 'sparktc-6b0518939ecfe442-exec-7'), ('53:14', 'sparktc-6b0518939ecfe442-exec-8'), ('53:23', 'sparktc-6b0518939ecfe442-exec-1'), ('53:23', 'sparktc-6b0518939ecfe442-exec-2'), ('53:23', 'sparktc-6b0518939ecfe442-exec-3'), ('53:23', 'sparktc-6b0518939ecfe442-exec-4'), ('53:24', 'sparktc-6b0518939ecfe442-exec-5'), ('53:24', 'sparktc-6b0518939ecfe442-exec-6'), ('53:24', 'sparktc-6b0518939ecfe442-exec-7'), ('53:24', 'sparktc-6b0518939ecfe442-exec-8'), ('53:32', 'sparktc-6b0518939ecfe442-exec-1'), ('53:33', 'sparktc-6b0518939ecfe442-exec-2'), ('53:33', 'sparktc-6b0518939ecfe442-exec-3'), ('53:33', 'sparktc-6b0518939ecfe442-exec-4'), ('53:33', 'sparktc-6b0518939ecfe442-exec-5'), ('53:33', 'sparktc-6b0518939ecfe442-exec-6'), ('53:34', 'sparktc-6b0518939ecfe442-exec-7'), ('53:34', 'sparktc-6b0518939ecfe442-exec-8'), ('53:42', 'sparktc-6b0518939ecfe442-exec-1'), ('53:43', 'sparktc-6b0518939ecfe442-exec-2'), ('53:43', 'sparktc-6b0518939ecfe442-exec-3'), ('53:43', 'sparktc-6b0518939ecfe442-exec-4'), ('53:43', 'sparktc-6b0518939ecfe442-exec-5'), ('53:43', 'sparktc-6b0518939ecfe442-exec-6'), ('53:44', 'sparktc-6b0518939ecfe442-exec-7'), ('53:44', 'sparktc-6b0518939ecfe442-exec-8'), ('53:52', 'sparktc-6b0518939ecfe442-exec-1'), ('53:52', 'sparktc-6b0518939ecfe442-exec-2'), ('53:53', 'sparktc-6b0518939ecfe442-exec-3'), ('53:53', 'sparktc-6b0518939ecfe442-exec-4'), ('53:53', 'sparktc-6b0518939ecfe442-exec-5'), ('53:53', 'sparktc-6b0518939ecfe442-exec-6'), ('53:53', 'sparktc-6b0518939ecfe442-exec-7'), ('53:54', 'sparktc-6b0518939ecfe442-exec-8'), ('54:02', 'sparktc-6b0518939ecfe442-exec-1'), ('54:02', 'sparktc-6b0518939ecfe442-exec-2'), ('54:02', 'sparktc-6b0518939ecfe442-exec-3'), ('54:03', 'sparktc-6b0518939ecfe442-exec-4'), ('54:03', 'sparktc-6b0518939ecfe442-exec-5'), ('54:03', 'sparktc-6b0518939ecfe442-exec-6'), ('54:03', 'sparktc-6b0518939ecfe442-exec-7'), ('54:03', 'sparktc-6b0518939ecfe442-exec-8'), ('54:12', 'sparktc-6b0518939ecfe442-exec-1'), ('54:12', 'sparktc-6b0518939ecfe442-exec-2'), ('54:12', 'sparktc-6b0518939ecfe442-exec-3'), ('54:12', 'sparktc-6b0518939ecfe442-exec-4'), ('54:13', 'sparktc-6b0518939ecfe442-exec-5'), ('54:13', 'sparktc-6b0518939ecfe442-exec-6'), ('54:13', 'sparktc-6b0518939ecfe442-exec-7'), ('54:13', 'sparktc-6b0518939ecfe442-exec-8'), ('54:21', 'sparktc-6b0518939ecfe442-exec-1'), ('54:22', 'sparktc-6b0518939ecfe442-exec-2'), ('54:22', 'sparktc-6b0518939ecfe442-exec-3'), ('54:22', 'sparktc-6b0518939ecfe442-exec-4'), ('54:22', 'sparktc-6b0518939ecfe442-exec-5'), ('54:22', 'sparktc-6b0518939ecfe442-exec-6'), ('54:23', 'sparktc-6b0518939ecfe442-exec-7'), ('54:23', 'sparktc-6b0518939ecfe442-exec-8'), ('54:31', 'sparktc-6b0518939ecfe442-exec-1'), ('54:32', 'sparktc-6b0518939ecfe442-exec-2'), ('54:32', 'sparktc-6b0518939ecfe442-exec-3'), ('54:32', 'sparktc-6b0518939ecfe442-exec-4'), ('54:32', 'sparktc-6b0518939ecfe442-exec-5'), ('54:32', 'sparktc-6b0518939ecfe442-exec-6'), ('54:33', 'sparktc-6b0518939ecfe442-exec-7'), ('54:33', 'sparktc-6b0518939ecfe442-exec-8'), ('54:41', 'sparktc-6b0518939ecfe442-exec-1'), ('54:41', 'sparktc-6b0518939ecfe442-exec-2'), ('54:41', 'sparktc-6b0518939ecfe442-exec-3'), ('54:41', 'sparktc-6b0518939ecfe442-exec-4'), ('54:42', 'sparktc-6b0518939ecfe442-exec-5'), ('54:42', 'sparktc-6b0518939ecfe442-exec-6'), ('54:42', 'sparktc-6b0518939ecfe442-exec-7'), ('54:42', 'sparktc-6b0518939ecfe442-exec-8'), ('54:51', 'sparktc-6b0518939ecfe442-exec-1'), ('54:51', 'sparktc-6b0518939ecfe442-exec-2'), ('54:51', 'sparktc-6b0518939ecfe442-exec-3'), ('54:51', 'sparktc-6b0518939ecfe442-exec-4'), ('54:51', 'sparktc-6b0518939ecfe442-exec-5'), ('54:52', 'sparktc-6b0518939ecfe442-exec-6'), ('54:52', 'sparktc-6b0518939ecfe442-exec-7'), ('54:52', 'sparktc-6b0518939ecfe442-exec-8'), ('55:00', 'sparktc-6b0518939ecfe442-exec-1'), ('55:01', 'sparktc-6b0518939ecfe442-exec-2'), ('55:01', 'sparktc-6b0518939ecfe442-exec-3'), ('55:01', 'sparktc-6b0518939ecfe442-exec-4'), ('55:01', 'sparktc-6b0518939ecfe442-exec-5'), ('55:01', 'sparktc-6b0518939ecfe442-exec-6'), ('55:02', 'sparktc-6b0518939ecfe442-exec-7'), ('55:02', 'sparktc-6b0518939ecfe442-exec-8'), ('55:10', 'sparktc-6b0518939ecfe442-exec-1'), ('55:10', 'sparktc-6b0518939ecfe442-exec-2'), ('55:10', 'sparktc-6b0518939ecfe442-exec-3'), ('55:10', 'sparktc-6b0518939ecfe442-exec-4'), ('55:10', 'sparktc-6b0518939ecfe442-exec-5'), ('55:11', 'sparktc-6b0518939ecfe442-exec-6'), ('55:11', 'sparktc-6b0518939ecfe442-exec-7'), ('55:11', 'sparktc-6b0518939ecfe442-exec-8'), ('55:18', 'sparktc-6b0518939ecfe442-exec-1'), ('55:19', 'sparktc-6b0518939ecfe442-exec-2'), ('55:19', 'sparktc-6b0518939ecfe442-exec-3'), ('55:19', 'sparktc-6b0518939ecfe442-exec-4'), ('55:19', 'sparktc-6b0518939ecfe442-exec-5'), ('55:20', 'sparktc-6b0518939ecfe442-exec-6'), ('55:20', 'sparktc-6b0518939ecfe442-exec-7'), ('55:20', 'sparktc-6b0518939ecfe442-exec-8'), ('55:27', 'sparktc-6b0518939ecfe442-exec-1'), ('55:27', 'sparktc-6b0518939ecfe442-exec-2'), ('55:27', 'sparktc-6b0518939ecfe442-exec-3'), ('55:27', 'sparktc-6b0518939ecfe442-exec-4'), ('55:28', 'sparktc-6b0518939ecfe442-exec-5'), ('55:28', 'sparktc-6b0518939ecfe442-exec-6'), ('55:28', 'sparktc-6b0518939ecfe442-exec-7'), ('55:28', 'sparktc-6b0518939ecfe442-exec-8'), ('55:35', 'sparktc-6b0518939ecfe442-exec-1'), ('55:35', 'sparktc-6b0518939ecfe442-exec-2'), ('55:36', 'sparktc-6b0518939ecfe442-exec-3'), ('55:36', 'sparktc-6b0518939ecfe442-exec-4'), ('55:36', 'sparktc-6b0518939ecfe442-exec-5'), ('55:36', 'sparktc-6b0518939ecfe442-exec-6'), ('55:37', 'sparktc-6b0518939ecfe442-exec-7'), ('55:37', 'sparktc-6b0518939ecfe442-exec-8')]"
16,2024-12-07 01:50:31.249994,2024-12-07 01:55:07.070877,1593.6030000000026,"[('50:55', 'sparktc-592b0a939ecfe7d3-exec-1'), ('51:00', 'sparktc-592b0a939ecfe7d3-exec-1'), ('51:04', 'sparktc-592b0a939ecfe7d3-exec-1'), ('51:09', 'sparktc-592b0a939ecfe7d3-exec-1'), ('51:09', 'sparktc-592b0a939ecfe7d3-exec-2'), ('51:13', 'sparktc-592b0a939ecfe7d3-exec-1'), ('51:14', 'sparktc-592b0a939ecfe7d3-exec-2'), ('51:14', 'sparktc-592b0a939ecfe7d3-exec-3'), ('51:14', 'sparktc-592b0a939ecfe7d3-exec-4'), ('51:19', 'sparktc-592b0a939ecfe7d3-exec-1'), ('51:19', 'sparktc-592b0a939ecfe7d3-exec-2'), ('51:19', 'sparktc-592b0a939ecfe7d3-exec-3'), ('51:20', 'sparktc-592b0a939ecfe7d3-exec-4'), ('51:20', 'sparktc-592b0a939ecfe7d3-exec-5'), ('51:20', 'sparktc-592b0a939ecfe7d3-exec-6'), ('51:25', 'sparktc-592b0a939ecfe7d3-exec-1'), ('51:25', 'sparktc-592b0a939ecfe7d3-exec-2'), ('51:25', 'sparktc-592b0a939ecfe7d3-exec-3'), ('51:26', 'sparktc-592b0a939ecfe7d3-exec-4'), ('51:26', 'sparktc-592b0a939ecfe7d3-exec-5'), ('51:26', 'sparktc-592b0a939ecfe7d3-exec-6'), ('51:26', 'sparktc-592b0a939ecfe7d3-exec-7'), ('51:27', 'sparktc-592b0a939ecfe7d3-exec-8'), ('51:32', 'sparktc-592b0a939ecfe7d3-exec-1'), ('51:32', 'sparktc-592b0a939ecfe7d3-exec-2'), ('51:33', 'sparktc-592b0a939ecfe7d3-exec-3'), ('51:33', 'sparktc-592b0a939ecfe7d3-exec-4'), ('51:33', 'sparktc-592b0a939ecfe7d3-exec-5'), ('51:33', 'sparktc-592b0a939ecfe7d3-exec-6'), ('51:34', 'sparktc-592b0a939ecfe7d3-exec-7'), ('51:34', 'sparktc-592b0a939ecfe7d3-exec-8'), ('51:41', 'sparktc-592b0a939ecfe7d3-exec-1'), ('51:41', 'sparktc-592b0a939ecfe7d3-exec-2'), ('51:41', 'sparktc-592b0a939ecfe7d3-exec-3'), ('51:41', 'sparktc-592b0a939ecfe7d3-exec-4'), ('51:41', 'sparktc-592b0a939ecfe7d3-exec-5'), ('51:42', 'sparktc-592b0a939ecfe7d3-exec-6'), ('51:42', 'sparktc-592b0a939ecfe7d3-exec-7'), ('51:42', 'sparktc-592b0a939ecfe7d3-exec-8'), ('51:50', 'sparktc-592b0a939ecfe7d3-exec-1'), ('51:50', 'sparktc-592b0a939ecfe7d3-exec-2'), ('51:50', 'sparktc-592b0a939ecfe7d3-exec-3'), ('51:51', 'sparktc-592b0a939ecfe7d3-exec-4'), ('51:51', 'sparktc-592b0a939ecfe7d3-exec-5'), ('51:51', 'sparktc-592b0a939ecfe7d3-exec-6'), ('51:51', 'sparktc-592b0a939ecfe7d3-exec-7'), ('51:51', 'sparktc-592b0a939ecfe7d3-exec-8'), ('51:58', 'sparktc-592b0a939ecfe7d3-exec-1'), ('51:58', 'sparktc-592b0a939ecfe7d3-exec-2'), ('51:58', 'sparktc-592b0a939ecfe7d3-exec-3'), ('51:58', 'sparktc-592b0a939ecfe7d3-exec-4'), ('51:59', 'sparktc-592b0a939ecfe7d3-exec-5'), ('51:59', 'sparktc-592b0a939ecfe7d3-exec-6'), ('51:59', 'sparktc-592b0a939ecfe7d3-exec-7'), ('51:59', 'sparktc-592b0a939ecfe7d3-exec-8'), ('52:07', 'sparktc-592b0a939ecfe7d3-exec-1'), ('52:07', 'sparktc-592b0a939ecfe7d3-exec-2'), ('52:08', 'sparktc-592b0a939ecfe7d3-exec-3'), ('52:08', 'sparktc-592b0a939ecfe7d3-exec-4'), ('52:08', 'sparktc-592b0a939ecfe7d3-exec-5'), ('52:08', 'sparktc-592b0a939ecfe7d3-exec-6'), ('52:09', 'sparktc-592b0a939ecfe7d3-exec-7'), ('52:09', 'sparktc-592b0a939ecfe7d3-exec-8'), ('52:15', 'sparktc-592b0a939ecfe7d3-exec-1'), ('52:15', 'sparktc-592b0a939ecfe7d3-exec-2'), ('52:16', 'sparktc-592b0a939ecfe7d3-exec-3'), ('52:16', 'sparktc-592b0a939ecfe7d3-exec-4'), ('52:16', 'sparktc-592b0a939ecfe7d3-exec-5'), ('52:16', 'sparktc-592b0a939ecfe7d3-exec-6'), ('52:16', 'sparktc-592b0a939ecfe7d3-exec-7'), ('52:17', 'sparktc-592b0a939ecfe7d3-exec-8'), ('52:23', 'sparktc-592b0a939ecfe7d3-exec-1'), ('52:24', 'sparktc-592b0a939ecfe7d3-exec-2'), ('52:24', 'sparktc-592b0a939ecfe7d3-exec-3'), ('52:24', 'sparktc-592b0a939ecfe7d3-exec-4'), ('52:24', 'sparktc-592b0a939ecfe7d3-exec-5'), ('52:24', 'sparktc-592b0a939ecfe7d3-exec-6'), ('52:25', 'sparktc-592b0a939ecfe7d3-exec-7'), ('52:25', 'sparktc-592b0a939ecfe7d3-exec-8'), ('52:32', 'sparktc-592b0a939ecfe7d3-exec-1'), ('52:32', 'sparktc-592b0a939ecfe7d3-exec-2'), ('52:32', 'sparktc-592b0a939ecfe7d3-exec-3'), ('52:33', 'sparktc-592b0a939ecfe7d3-exec-4'), ('52:33', 'sparktc-592b0a939ecfe7d3-exec-5'), ('52:33', 'sparktc-592b0a939ecfe7d3-exec-6'), ('52:33', 'sparktc-592b0a939ecfe7d3-exec-7'), ('52:33', 'sparktc-592b0a939ecfe7d3-exec-8'), ('52:41', 'sparktc-592b0a939ecfe7d3-exec-1'), ('52:42', 'sparktc-592b0a939ecfe7d3-exec-2'), ('52:42', 'sparktc-592b0a939ecfe7d3-exec-3'), ('52:42', 'sparktc-592b0a939ecfe7d3-exec-4'), ('52:42', 'sparktc-592b0a939ecfe7d3-exec-5'), ('52:42', 'sparktc-592b0a939ecfe7d3-exec-6'), ('52:43', 'sparktc-592b0a939ecfe7d3-exec-7'), ('52:43', 'sparktc-592b0a939ecfe7d3-exec-8'), ('52:51', 'sparktc-592b0a939ecfe7d3-exec-1'), ('52:51', 'sparktc-592b0a939ecfe7d3-exec-2'), ('52:52', 'sparktc-592b0a939ecfe7d3-exec-3'), ('52:52', 'sparktc-592b0a939ecfe7d3-exec-4'), ('52:52', 'sparktc-592b0a939ecfe7d3-exec-5'), ('52:52', 'sparktc-592b0a939ecfe7d3-exec-6'), ('52:53', 'sparktc-592b0a939ecfe7d3-exec-7'), ('52:53', 'sparktc-592b0a939ecfe7d3-exec-8'), ('53:01', 'sparktc-592b0a939ecfe7d3-exec-1'), ('53:01', 'sparktc-592b0a939ecfe7d3-exec-2'), ('53:02', 'sparktc-592b0a939ecfe7d3-exec-3'), ('53:02', 'sparktc-592b0a939ecfe7d3-exec-4'), ('53:02', 'sparktc-592b0a939ecfe7d3-exec-5'), ('53:02', 'sparktc-592b0a939ecfe7d3-exec-6'), ('53:02', 'sparktc-592b0a939ecfe7d3-exec-7'), ('53:03', 'sparktc-592b0a939ecfe7d3-exec-8'), ('53:11', 'sparktc-592b0a939ecfe7d3-exec-1'), ('53:11', 'sparktc-592b0a939ecfe7d3-exec-2'), ('53:11', 'sparktc-592b0a939ecfe7d3-exec-3'), ('53:12', 'sparktc-592b0a939ecfe7d3-exec-4'), ('53:12', 'sparktc-592b0a939ecfe7d3-exec-5'), ('53:12', 'sparktc-592b0a939ecfe7d3-exec-6'), ('53:12', 'sparktc-592b0a939ecfe7d3-exec-7'), ('53:12', 'sparktc-592b0a939ecfe7d3-exec-8'), ('53:21', 'sparktc-592b0a939ecfe7d3-exec-1'), ('53:21', 'sparktc-592b0a939ecfe7d3-exec-2'), ('53:21', 'sparktc-592b0a939ecfe7d3-exec-3'), ('53:22', 'sparktc-592b0a939ecfe7d3-exec-4'), ('53:22', 'sparktc-592b0a939ecfe7d3-exec-5'), ('53:22', 'sparktc-592b0a939ecfe7d3-exec-6'), ('53:22', 'sparktc-592b0a939ecfe7d3-exec-7'), ('53:22', 'sparktc-592b0a939ecfe7d3-exec-8'), ('53:31', 'sparktc-592b0a939ecfe7d3-exec-1'), ('53:31', 'sparktc-592b0a939ecfe7d3-exec-2'), ('53:31', 'sparktc-592b0a939ecfe7d3-exec-3'), ('53:31', 'sparktc-592b0a939ecfe7d3-exec-4'), ('53:31', 'sparktc-592b0a939ecfe7d3-exec-5'), ('53:32', 'sparktc-592b0a939ecfe7d3-exec-6'), ('53:32', 'sparktc-592b0a939ecfe7d3-exec-7'), ('53:32', 'sparktc-592b0a939ecfe7d3-exec-8'), ('53:41', 'sparktc-592b0a939ecfe7d3-exec-1'), ('53:41', 'sparktc-592b0a939ecfe7d3-exec-2'), ('53:41', 'sparktc-592b0a939ecfe7d3-exec-3'), ('53:41', 'sparktc-592b0a939ecfe7d3-exec-4'), ('53:42', 'sparktc-592b0a939ecfe7d3-exec-5'), ('53:42', 'sparktc-592b0a939ecfe7d3-exec-6'), ('53:42', 'sparktc-592b0a939ecfe7d3-exec-7'), ('53:42', 'sparktc-592b0a939ecfe7d3-exec-8'), ('53:50', 'sparktc-592b0a939ecfe7d3-exec-1'), ('53:51', 'sparktc-592b0a939ecfe7d3-exec-2'), ('53:51', 'sparktc-592b0a939ecfe7d3-exec-3'), ('53:51', 'sparktc-592b0a939ecfe7d3-exec-4'), ('53:51', 'sparktc-592b0a939ecfe7d3-exec-5'), ('53:51', 'sparktc-592b0a939ecfe7d3-exec-6'), ('53:52', 'sparktc-592b0a939ecfe7d3-exec-7'), ('53:52', 'sparktc-592b0a939ecfe7d3-exec-8'), ('54:00', 'sparktc-592b0a939ecfe7d3-exec-1'), ('54:01', 'sparktc-592b0a939ecfe7d3-exec-2'), ('54:01', 'sparktc-592b0a939ecfe7d3-exec-3'), ('54:01', 'sparktc-592b0a939ecfe7d3-exec-4'), ('54:01', 'sparktc-592b0a939ecfe7d3-exec-5'), ('54:01', 'sparktc-592b0a939ecfe7d3-exec-6'), ('54:02', 'sparktc-592b0a939ecfe7d3-exec-7'), ('54:02', 'sparktc-592b0a939ecfe7d3-exec-8'), ('54:10', 'sparktc-592b0a939ecfe7d3-exec-1'), ('54:10', 'sparktc-592b0a939ecfe7d3-exec-2'), ('54:10', 'sparktc-592b0a939ecfe7d3-exec-3'), ('54:11', 'sparktc-592b0a939ecfe7d3-exec-4'), ('54:11', 'sparktc-592b0a939ecfe7d3-exec-5'), ('54:11', 'sparktc-592b0a939ecfe7d3-exec-6'), ('54:11', 'sparktc-592b0a939ecfe7d3-exec-7'), ('54:11', 'sparktc-592b0a939ecfe7d3-exec-8'), ('54:20', 'sparktc-592b0a939ecfe7d3-exec-1'), ('54:20', 'sparktc-592b0a939ecfe7d3-exec-2'), ('54:20', 'sparktc-592b0a939ecfe7d3-exec-3'), ('54:20', 'sparktc-592b0a939ecfe7d3-exec-4'), ('54:21', 'sparktc-592b0a939ecfe7d3-exec-5'), ('54:21', 'sparktc-592b0a939ecfe7d3-exec-6'), ('54:21', 'sparktc-592b0a939ecfe7d3-exec-7'), ('54:21', 'sparktc-592b0a939ecfe7d3-exec-8'), ('54:30', 'sparktc-592b0a939ecfe7d3-exec-1'), ('54:30', 'sparktc-592b0a939ecfe7d3-exec-2'), ('54:30', 'sparktc-592b0a939ecfe7d3-exec-3'), ('54:30', 'sparktc-592b0a939ecfe7d3-exec-4'), ('54:31', 'sparktc-592b0a939ecfe7d3-exec-5'), ('54:31', 'sparktc-592b0a939ecfe7d3-exec-6'), ('54:31', 'sparktc-592b0a939ecfe7d3-exec-7'), ('54:31', 'sparktc-592b0a939ecfe7d3-exec-8'), ('54:39', 'sparktc-592b0a939ecfe7d3-exec-1'), ('54:39', 'sparktc-592b0a939ecfe7d3-exec-2'), ('54:40', 'sparktc-592b0a939ecfe7d3-exec-3'), ('54:40', 'sparktc-592b0a939ecfe7d3-exec-4'), ('54:40', 'sparktc-592b0a939ecfe7d3-exec-5'), ('54:40', 'sparktc-592b0a939ecfe7d3-exec-6'), ('54:40', 'sparktc-592b0a939ecfe7d3-exec-7'), ('54:41', 'sparktc-592b0a939ecfe7d3-exec-8'), ('54:49', 'sparktc-592b0a939ecfe7d3-exec-1'), ('54:49', 'sparktc-592b0a939ecfe7d3-exec-2'), ('54:49', 'sparktc-592b0a939ecfe7d3-exec-3'), ('54:49', 'sparktc-592b0a939ecfe7d3-exec-4'), ('54:50', 'sparktc-592b0a939ecfe7d3-exec-5'), ('54:50', 'sparktc-592b0a939ecfe7d3-exec-6'), ('54:50', 'sparktc-592b0a939ecfe7d3-exec-7'), ('54:50', 'sparktc-592b0a939ecfe7d3-exec-8'), ('54:59', 'sparktc-592b0a939ecfe7d3-exec-1'), ('54:59', 'sparktc-592b0a939ecfe7d3-exec-2'), ('54:59', 'sparktc-592b0a939ecfe7d3-exec-3'), ('54:59', 'sparktc-592b0a939ecfe7d3-exec-4'), ('54:59', 'sparktc-592b0a939ecfe7d3-exec-5'), ('55:00', 'sparktc-592b0a939ecfe7d3-exec-6'), ('55:00', 'sparktc-592b0a939ecfe7d3-exec-7'), ('55:00', 'sparktc-592b0a939ecfe7d3-exec-8')]"
17,2024-12-07 01:50:47.529348,2024-12-07 01:55:48.178761,1694.3463333333357,"[('51:10', 'sparktc-aba182939ed01ec8-exec-1'), ('51:16', 'sparktc-aba182939ed01ec8-exec-1'), ('51:22', 'sparktc-aba182939ed01ec8-exec-1'), ('51:28', 'sparktc-aba182939ed01ec8-exec-1'), ('51:29', 'sparktc-aba182939ed01ec8-exec-2'), ('51:29', 'sparktc-aba182939ed01ec8-exec-3'), ('51:36', 'sparktc-aba182939ed01ec8-exec-1'), ('51:36', 'sparktc-aba182939ed01ec8-exec-2'), ('51:37', 'sparktc-aba182939ed01ec8-exec-3'), ('51:37', 'sparktc-aba182939ed01ec8-exec-4'), ('51:37', 'sparktc-aba182939ed01ec8-exec-5'), ('51:37', 'sparktc-aba182939ed01ec8-exec-6'), ('51:44', 'sparktc-aba182939ed01ec8-exec-1'), ('51:45', 'sparktc-aba182939ed01ec8-exec-2'), ('51:45', 'sparktc-aba182939ed01ec8-exec-3'), ('51:45', 'sparktc-aba182939ed01ec8-exec-4'), ('51:45', 'sparktc-aba182939ed01ec8-exec-5'), ('51:45', 'sparktc-aba182939ed01ec8-exec-6'), ('51:46', 'sparktc-aba182939ed01ec8-exec-7'), ('51:46', 'sparktc-aba182939ed01ec8-exec-8'), ('51:54', 'sparktc-aba182939ed01ec8-exec-1'), ('51:54', 'sparktc-aba182939ed01ec8-exec-2'), ('51:55', 'sparktc-aba182939ed01ec8-exec-3'), ('51:55', 'sparktc-aba182939ed01ec8-exec-4'), ('51:55', 'sparktc-aba182939ed01ec8-exec-5'), ('51:55', 'sparktc-aba182939ed01ec8-exec-6'), ('51:55', 'sparktc-aba182939ed01ec8-exec-7'), ('51:56', 'sparktc-aba182939ed01ec8-exec-8'), ('52:04', 'sparktc-aba182939ed01ec8-exec-1'), ('52:04', 'sparktc-aba182939ed01ec8-exec-2'), ('52:04', 'sparktc-aba182939ed01ec8-exec-3'), ('52:05', 'sparktc-aba182939ed01ec8-exec-4'), ('52:05', 'sparktc-aba182939ed01ec8-exec-5'), ('52:05', 'sparktc-aba182939ed01ec8-exec-6'), ('52:05', 'sparktc-aba182939ed01ec8-exec-7'), ('52:06', 'sparktc-aba182939ed01ec8-exec-8'), ('52:12', 'sparktc-aba182939ed01ec8-exec-1'), ('52:12', 'sparktc-aba182939ed01ec8-exec-2'), ('52:13', 'sparktc-aba182939ed01ec8-exec-3'), ('52:13', 'sparktc-aba182939ed01ec8-exec-4'), ('52:13', 'sparktc-aba182939ed01ec8-exec-5'), ('52:13', 'sparktc-aba182939ed01ec8-exec-6'), ('52:13', 'sparktc-aba182939ed01ec8-exec-7'), ('52:14', 'sparktc-aba182939ed01ec8-exec-8'), ('52:20', 'sparktc-aba182939ed01ec8-exec-1'), ('52:20', 'sparktc-aba182939ed01ec8-exec-2'), ('52:21', 'sparktc-aba182939ed01ec8-exec-3'), ('52:21', 'sparktc-aba182939ed01ec8-exec-4'), ('52:21', 'sparktc-aba182939ed01ec8-exec-5'), ('52:21', 'sparktc-aba182939ed01ec8-exec-6'), ('52:22', 'sparktc-aba182939ed01ec8-exec-7'), ('52:22', 'sparktc-aba182939ed01ec8-exec-8'), ('52:29', 'sparktc-aba182939ed01ec8-exec-1'), ('52:29', 'sparktc-aba182939ed01ec8-exec-2'), ('52:29', 'sparktc-aba182939ed01ec8-exec-3'), ('52:29', 'sparktc-aba182939ed01ec8-exec-4'), ('52:29', 'sparktc-aba182939ed01ec8-exec-5'), ('52:30', 'sparktc-aba182939ed01ec8-exec-6'), ('52:30', 'sparktc-aba182939ed01ec8-exec-7'), ('52:30', 'sparktc-aba182939ed01ec8-exec-8'), ('52:37', 'sparktc-aba182939ed01ec8-exec-1'), ('52:37', 'sparktc-aba182939ed01ec8-exec-2'), ('52:38', 'sparktc-aba182939ed01ec8-exec-3'), ('52:38', 'sparktc-aba182939ed01ec8-exec-4'), ('52:38', 'sparktc-aba182939ed01ec8-exec-5'), ('52:38', 'sparktc-aba182939ed01ec8-exec-6'), ('52:38', 'sparktc-aba182939ed01ec8-exec-7'), ('52:39', 'sparktc-aba182939ed01ec8-exec-8'), ('52:47', 'sparktc-aba182939ed01ec8-exec-1'), ('52:47', 'sparktc-aba182939ed01ec8-exec-2'), ('52:47', 'sparktc-aba182939ed01ec8-exec-3'), ('52:47', 'sparktc-aba182939ed01ec8-exec-4'), ('52:47', 'sparktc-aba182939ed01ec8-exec-5'), ('52:48', 'sparktc-aba182939ed01ec8-exec-6'), ('52:48', 'sparktc-aba182939ed01ec8-exec-7'), ('52:48', 'sparktc-aba182939ed01ec8-exec-8'), ('52:56', 'sparktc-aba182939ed01ec8-exec-1'), ('52:57', 'sparktc-aba182939ed01ec8-exec-2'), ('52:57', 'sparktc-aba182939ed01ec8-exec-3'), ('52:57', 'sparktc-aba182939ed01ec8-exec-4'), ('52:57', 'sparktc-aba182939ed01ec8-exec-5'), ('52:58', 'sparktc-aba182939ed01ec8-exec-6'), ('52:58', 'sparktc-aba182939ed01ec8-exec-7'), ('52:58', 'sparktc-aba182939ed01ec8-exec-8'), ('53:06', 'sparktc-aba182939ed01ec8-exec-1'), ('53:06', 'sparktc-aba182939ed01ec8-exec-2'), ('53:07', 'sparktc-aba182939ed01ec8-exec-3'), ('53:07', 'sparktc-aba182939ed01ec8-exec-4'), ('53:07', 'sparktc-aba182939ed01ec8-exec-5'), ('53:07', 'sparktc-aba182939ed01ec8-exec-6'), ('53:07', 'sparktc-aba182939ed01ec8-exec-7'), ('53:08', 'sparktc-aba182939ed01ec8-exec-8'), ('53:16', 'sparktc-aba182939ed01ec8-exec-1'), ('53:17', 'sparktc-aba182939ed01ec8-exec-2'), ('53:17', 'sparktc-aba182939ed01ec8-exec-3'), ('53:17', 'sparktc-aba182939ed01ec8-exec-4'), ('53:17', 'sparktc-aba182939ed01ec8-exec-5'), ('53:17', 'sparktc-aba182939ed01ec8-exec-6'), ('53:18', 'sparktc-aba182939ed01ec8-exec-7'), ('53:18', 'sparktc-aba182939ed01ec8-exec-8'), ('53:26', 'sparktc-aba182939ed01ec8-exec-1'), ('53:26', 'sparktc-aba182939ed01ec8-exec-2'), ('53:27', 'sparktc-aba182939ed01ec8-exec-3'), ('53:27', 'sparktc-aba182939ed01ec8-exec-4'), ('53:27', 'sparktc-aba182939ed01ec8-exec-5'), ('53:27', 'sparktc-aba182939ed01ec8-exec-6'), ('53:27', 'sparktc-aba182939ed01ec8-exec-7'), ('53:28', 'sparktc-aba182939ed01ec8-exec-8'), ('53:36', 'sparktc-aba182939ed01ec8-exec-1'), ('53:36', 'sparktc-aba182939ed01ec8-exec-2'), ('53:36', 'sparktc-aba182939ed01ec8-exec-3'), ('53:37', 'sparktc-aba182939ed01ec8-exec-4'), ('53:37', 'sparktc-aba182939ed01ec8-exec-5'), ('53:37', 'sparktc-aba182939ed01ec8-exec-6'), ('53:37', 'sparktc-aba182939ed01ec8-exec-7'), ('53:37', 'sparktc-aba182939ed01ec8-exec-8'), ('53:46', 'sparktc-aba182939ed01ec8-exec-1'), ('53:46', 'sparktc-aba182939ed01ec8-exec-2'), ('53:46', 'sparktc-aba182939ed01ec8-exec-3'), ('53:46', 'sparktc-aba182939ed01ec8-exec-4'), ('53:47', 'sparktc-aba182939ed01ec8-exec-5'), ('53:47', 'sparktc-aba182939ed01ec8-exec-6'), ('53:47', 'sparktc-aba182939ed01ec8-exec-7'), ('53:47', 'sparktc-aba182939ed01ec8-exec-8'), ('53:56', 'sparktc-aba182939ed01ec8-exec-1'), ('53:56', 'sparktc-aba182939ed01ec8-exec-2'), ('53:56', 'sparktc-aba182939ed01ec8-exec-3'), ('53:56', 'sparktc-aba182939ed01ec8-exec-4'), ('53:56', 'sparktc-aba182939ed01ec8-exec-5'), ('53:57', 'sparktc-aba182939ed01ec8-exec-6'), ('53:57', 'sparktc-aba182939ed01ec8-exec-7'), ('53:57', 'sparktc-aba182939ed01ec8-exec-8'), ('54:06', 'sparktc-aba182939ed01ec8-exec-1'), ('54:06', 'sparktc-aba182939ed01ec8-exec-2'), ('54:06', 'sparktc-aba182939ed01ec8-exec-3'), ('54:06', 'sparktc-aba182939ed01ec8-exec-4'), ('54:06', 'sparktc-aba182939ed01ec8-exec-5'), ('54:07', 'sparktc-aba182939ed01ec8-exec-6'), ('54:07', 'sparktc-aba182939ed01ec8-exec-7'), ('54:07', 'sparktc-aba182939ed01ec8-exec-8'), ('54:15', 'sparktc-aba182939ed01ec8-exec-1'), ('54:15', 'sparktc-aba182939ed01ec8-exec-2'), ('54:15', 'sparktc-aba182939ed01ec8-exec-3'), ('54:16', 'sparktc-aba182939ed01ec8-exec-4'), ('54:16', 'sparktc-aba182939ed01ec8-exec-5'), ('54:16', 'sparktc-aba182939ed01ec8-exec-6'), ('54:16', 'sparktc-aba182939ed01ec8-exec-7'), ('54:17', 'sparktc-aba182939ed01ec8-exec-8'), ('54:25', 'sparktc-aba182939ed01ec8-exec-1'), ('54:25', 'sparktc-aba182939ed01ec8-exec-2'), ('54:25', 'sparktc-aba182939ed01ec8-exec-3'), ('54:26', 'sparktc-aba182939ed01ec8-exec-4'), ('54:26', 'sparktc-aba182939ed01ec8-exec-5'), ('54:26', 'sparktc-aba182939ed01ec8-exec-6'), ('54:26', 'sparktc-aba182939ed01ec8-exec-7'), ('54:26', 'sparktc-aba182939ed01ec8-exec-8'), ('54:35', 'sparktc-aba182939ed01ec8-exec-1'), ('54:35', 'sparktc-aba182939ed01ec8-exec-2'), ('54:35', 'sparktc-aba182939ed01ec8-exec-3'), ('54:35', 'sparktc-aba182939ed01ec8-exec-4'), ('54:36', 'sparktc-aba182939ed01ec8-exec-5'), ('54:36', 'sparktc-aba182939ed01ec8-exec-6'), ('54:36', 'sparktc-aba182939ed01ec8-exec-7'), ('54:36', 'sparktc-aba182939ed01ec8-exec-8'), ('54:44', 'sparktc-aba182939ed01ec8-exec-1'), ('54:44', 'sparktc-aba182939ed01ec8-exec-2'), ('54:45', 'sparktc-aba182939ed01ec8-exec-3'), ('54:45', 'sparktc-aba182939ed01ec8-exec-4'), ('54:45', 'sparktc-aba182939ed01ec8-exec-5'), ('54:45', 'sparktc-aba182939ed01ec8-exec-6'), ('54:45', 'sparktc-aba182939ed01ec8-exec-7'), ('54:46', 'sparktc-aba182939ed01ec8-exec-8'), ('54:54', 'sparktc-aba182939ed01ec8-exec-1'), ('54:54', 'sparktc-aba182939ed01ec8-exec-2'), ('54:54', 'sparktc-aba182939ed01ec8-exec-3'), ('54:54', 'sparktc-aba182939ed01ec8-exec-4'), ('54:55', 'sparktc-aba182939ed01ec8-exec-5'), ('54:55', 'sparktc-aba182939ed01ec8-exec-6'), ('54:55', 'sparktc-aba182939ed01ec8-exec-7'), ('54:55', 'sparktc-aba182939ed01ec8-exec-8'), ('55:04', 'sparktc-aba182939ed01ec8-exec-1'), ('55:04', 'sparktc-aba182939ed01ec8-exec-2'), ('55:04', 'sparktc-aba182939ed01ec8-exec-3'), ('55:05', 'sparktc-aba182939ed01ec8-exec-4'), ('55:05', 'sparktc-aba182939ed01ec8-exec-5'), ('55:05', 'sparktc-aba182939ed01ec8-exec-6'), ('55:05', 'sparktc-aba182939ed01ec8-exec-7'), ('55:06', 'sparktc-aba182939ed01ec8-exec-8'), ('55:13', 'sparktc-aba182939ed01ec8-exec-1'), ('55:14', 'sparktc-aba182939ed01ec8-exec-2'), ('55:14', 'sparktc-aba182939ed01ec8-exec-3'), ('55:14', 'sparktc-aba182939ed01ec8-exec-4'), ('55:15', 'sparktc-aba182939ed01ec8-exec-5'), ('55:15', 'sparktc-aba182939ed01ec8-exec-6'), ('55:15', 'sparktc-aba182939ed01ec8-exec-7'), ('55:15', 'sparktc-aba182939ed01ec8-exec-8'), ('55:22', 'sparktc-aba182939ed01ec8-exec-1'), ('55:22', 'sparktc-aba182939ed01ec8-exec-2'), ('55:22', 'sparktc-aba182939ed01ec8-exec-3'), ('55:23', 'sparktc-aba182939ed01ec8-exec-4'), ('55:23', 'sparktc-aba182939ed01ec8-exec-5'), ('55:23', 'sparktc-aba182939ed01ec8-exec-6'), ('55:23', 'sparktc-aba182939ed01ec8-exec-7'), ('55:23', 'sparktc-aba182939ed01ec8-exec-8'), ('55:30', 'sparktc-aba182939ed01ec8-exec-1'), ('55:30', 'sparktc-aba182939ed01ec8-exec-2'), ('55:31', 'sparktc-aba182939ed01ec8-exec-3'), ('55:31', 'sparktc-aba182939ed01ec8-exec-4'), ('55:31', 'sparktc-aba182939ed01ec8-exec-5'), ('55:31', 'sparktc-aba182939ed01ec8-exec-6'), ('55:31', 'sparktc-aba182939ed01ec8-exec-7'), ('55:32', 'sparktc-aba182939ed01ec8-exec-8'), ('55:39', 'sparktc-aba182939ed01ec8-exec-1'), ('55:39', 'sparktc-aba182939ed01ec8-exec-2'), ('55:39', 'sparktc-aba182939ed01ec8-exec-3'), ('55:40', 'sparktc-aba182939ed01ec8-exec-4'), ('55:40', 'sparktc-aba182939ed01ec8-exec-5'), ('55:40', 'sparktc-aba182939ed01ec8-exec-6'), ('55:40', 'sparktc-aba182939ed01ec8-exec-7'), ('55:41', 'sparktc-aba182939ed01ec8-exec-8')]"
18,2024-12-07 01:51:07.899737,2024-12-07 01:55:53.482373,1585.878833333336,"[('51:36', 'sparktc-9d8901939ed07246-exec-1'), ('51:44', 'sparktc-9d8901939ed07246-exec-1'), ('51:53', 'sparktc-9d8901939ed07246-exec-1'), ('51:53', 'sparktc-9d8901939ed07246-exec-2'), ('51:54', 'sparktc-9d8901939ed07246-exec-3'), ('51:54', 'sparktc-9d8901939ed07246-exec-4'), ('52:02', 'sparktc-9d8901939ed07246-exec-1'), ('52:02', 'sparktc-9d8901939ed07246-exec-2'), ('52:02', 'sparktc-9d8901939ed07246-exec-3'), ('52:03', 'sparktc-9d8901939ed07246-exec-4'), ('52:03', 'sparktc-9d8901939ed07246-exec-5'), ('52:03', 'sparktc-9d8901939ed07246-exec-6'), ('52:03', 'sparktc-9d8901939ed07246-exec-7'), ('52:04', 'sparktc-9d8901939ed07246-exec-8'), ('52:11', 'sparktc-9d8901939ed07246-exec-1'), ('52:11', 'sparktc-9d8901939ed07246-exec-2'), ('52:11', 'sparktc-9d8901939ed07246-exec-3'), ('52:11', 'sparktc-9d8901939ed07246-exec-4'), ('52:11', 'sparktc-9d8901939ed07246-exec-5'), ('52:12', 'sparktc-9d8901939ed07246-exec-6'), ('52:12', 'sparktc-9d8901939ed07246-exec-7'), ('52:12', 'sparktc-9d8901939ed07246-exec-8'), ('52:19', 'sparktc-9d8901939ed07246-exec-1'), ('52:19', 'sparktc-9d8901939ed07246-exec-2'), ('52:19', 'sparktc-9d8901939ed07246-exec-3'), ('52:19', 'sparktc-9d8901939ed07246-exec-4'), ('52:19', 'sparktc-9d8901939ed07246-exec-5'), ('52:20', 'sparktc-9d8901939ed07246-exec-6'), ('52:20', 'sparktc-9d8901939ed07246-exec-7'), ('52:20', 'sparktc-9d8901939ed07246-exec-8'), ('52:27', 'sparktc-9d8901939ed07246-exec-1'), ('52:27', 'sparktc-9d8901939ed07246-exec-2'), ('52:27', 'sparktc-9d8901939ed07246-exec-3'), ('52:27', 'sparktc-9d8901939ed07246-exec-4'), ('52:28', 'sparktc-9d8901939ed07246-exec-5'), ('52:28', 'sparktc-9d8901939ed07246-exec-6'), ('52:28', 'sparktc-9d8901939ed07246-exec-7'), ('52:28', 'sparktc-9d8901939ed07246-exec-8'), ('52:36', 'sparktc-9d8901939ed07246-exec-1'), ('52:36', 'sparktc-9d8901939ed07246-exec-2'), ('52:36', 'sparktc-9d8901939ed07246-exec-3'), ('52:36', 'sparktc-9d8901939ed07246-exec-4'), ('52:36', 'sparktc-9d8901939ed07246-exec-5'), ('52:37', 'sparktc-9d8901939ed07246-exec-6'), ('52:37', 'sparktc-9d8901939ed07246-exec-7'), ('52:37', 'sparktc-9d8901939ed07246-exec-8'), ('52:45', 'sparktc-9d8901939ed07246-exec-1'), ('52:45', 'sparktc-9d8901939ed07246-exec-2'), ('52:45', 'sparktc-9d8901939ed07246-exec-3'), ('52:46', 'sparktc-9d8901939ed07246-exec-4'), ('52:46', 'sparktc-9d8901939ed07246-exec-5'), ('52:46', 'sparktc-9d8901939ed07246-exec-6'), ('52:46', 'sparktc-9d8901939ed07246-exec-7'), ('52:46', 'sparktc-9d8901939ed07246-exec-8'), ('52:55', 'sparktc-9d8901939ed07246-exec-1'), ('52:55', 'sparktc-9d8901939ed07246-exec-2'), ('52:55', 'sparktc-9d8901939ed07246-exec-3'), ('52:55', 'sparktc-9d8901939ed07246-exec-4'), ('52:56', 'sparktc-9d8901939ed07246-exec-5'), ('52:56', 'sparktc-9d8901939ed07246-exec-6'), ('52:56', 'sparktc-9d8901939ed07246-exec-7'), ('52:56', 'sparktc-9d8901939ed07246-exec-8'), ('53:04', 'sparktc-9d8901939ed07246-exec-1'), ('53:05', 'sparktc-9d8901939ed07246-exec-2'), ('53:05', 'sparktc-9d8901939ed07246-exec-3'), ('53:05', 'sparktc-9d8901939ed07246-exec-4'), ('53:05', 'sparktc-9d8901939ed07246-exec-5'), ('53:06', 'sparktc-9d8901939ed07246-exec-6'), ('53:06', 'sparktc-9d8901939ed07246-exec-7'), ('53:06', 'sparktc-9d8901939ed07246-exec-8'), ('53:15', 'sparktc-9d8901939ed07246-exec-1'), ('53:15', 'sparktc-9d8901939ed07246-exec-2'), ('53:15', 'sparktc-9d8901939ed07246-exec-3'), ('53:15', 'sparktc-9d8901939ed07246-exec-4'), ('53:15', 'sparktc-9d8901939ed07246-exec-5'), ('53:16', 'sparktc-9d8901939ed07246-exec-6'), ('53:16', 'sparktc-9d8901939ed07246-exec-7'), ('53:16', 'sparktc-9d8901939ed07246-exec-8'), ('53:24', 'sparktc-9d8901939ed07246-exec-1'), ('53:25', 'sparktc-9d8901939ed07246-exec-2'), ('53:25', 'sparktc-9d8901939ed07246-exec-3'), ('53:25', 'sparktc-9d8901939ed07246-exec-4'), ('53:25', 'sparktc-9d8901939ed07246-exec-5'), ('53:26', 'sparktc-9d8901939ed07246-exec-6'), ('53:26', 'sparktc-9d8901939ed07246-exec-7'), ('53:26', 'sparktc-9d8901939ed07246-exec-8'), ('53:34', 'sparktc-9d8901939ed07246-exec-1'), ('53:34', 'sparktc-9d8901939ed07246-exec-2'), ('53:35', 'sparktc-9d8901939ed07246-exec-3'), ('53:35', 'sparktc-9d8901939ed07246-exec-4'), ('53:35', 'sparktc-9d8901939ed07246-exec-5'), ('53:35', 'sparktc-9d8901939ed07246-exec-6'), ('53:36', 'sparktc-9d8901939ed07246-exec-7'), ('53:36', 'sparktc-9d8901939ed07246-exec-8'), ('53:44', 'sparktc-9d8901939ed07246-exec-1'), ('53:44', 'sparktc-9d8901939ed07246-exec-2'), ('53:45', 'sparktc-9d8901939ed07246-exec-3'), ('53:45', 'sparktc-9d8901939ed07246-exec-4'), ('53:45', 'sparktc-9d8901939ed07246-exec-5'), ('53:45', 'sparktc-9d8901939ed07246-exec-6'), ('53:45', 'sparktc-9d8901939ed07246-exec-7'), ('53:46', 'sparktc-9d8901939ed07246-exec-8'), ('53:54', 'sparktc-9d8901939ed07246-exec-1'), ('53:54', 'sparktc-9d8901939ed07246-exec-2'), ('53:54', 'sparktc-9d8901939ed07246-exec-3'), ('53:54', 'sparktc-9d8901939ed07246-exec-4'), ('53:55', 'sparktc-9d8901939ed07246-exec-5'), ('53:55', 'sparktc-9d8901939ed07246-exec-6'), ('53:55', 'sparktc-9d8901939ed07246-exec-7'), ('53:55', 'sparktc-9d8901939ed07246-exec-8'), ('54:04', 'sparktc-9d8901939ed07246-exec-1'), ('54:04', 'sparktc-9d8901939ed07246-exec-2'), ('54:04', 'sparktc-9d8901939ed07246-exec-3'), ('54:04', 'sparktc-9d8901939ed07246-exec-4'), ('54:05', 'sparktc-9d8901939ed07246-exec-5'), ('54:05', 'sparktc-9d8901939ed07246-exec-6'), ('54:05', 'sparktc-9d8901939ed07246-exec-7'), ('54:05', 'sparktc-9d8901939ed07246-exec-8'), ('54:13', 'sparktc-9d8901939ed07246-exec-1'), ('54:14', 'sparktc-9d8901939ed07246-exec-2'), ('54:14', 'sparktc-9d8901939ed07246-exec-3'), ('54:14', 'sparktc-9d8901939ed07246-exec-4'), ('54:14', 'sparktc-9d8901939ed07246-exec-5'), ('54:14', 'sparktc-9d8901939ed07246-exec-6'), ('54:15', 'sparktc-9d8901939ed07246-exec-7'), ('54:15', 'sparktc-9d8901939ed07246-exec-8'), ('54:23', 'sparktc-9d8901939ed07246-exec-1'), ('54:23', 'sparktc-9d8901939ed07246-exec-2'), ('54:24', 'sparktc-9d8901939ed07246-exec-3'), ('54:24', 'sparktc-9d8901939ed07246-exec-4'), ('54:24', 'sparktc-9d8901939ed07246-exec-5'), ('54:24', 'sparktc-9d8901939ed07246-exec-6'), ('54:25', 'sparktc-9d8901939ed07246-exec-7'), ('54:25', 'sparktc-9d8901939ed07246-exec-8'), ('54:33', 'sparktc-9d8901939ed07246-exec-1'), ('54:33', 'sparktc-9d8901939ed07246-exec-2'), ('54:33', 'sparktc-9d8901939ed07246-exec-3'), ('54:34', 'sparktc-9d8901939ed07246-exec-4'), ('54:34', 'sparktc-9d8901939ed07246-exec-5'), ('54:34', 'sparktc-9d8901939ed07246-exec-6'), ('54:34', 'sparktc-9d8901939ed07246-exec-7'), ('54:35', 'sparktc-9d8901939ed07246-exec-8'), ('54:42', 'sparktc-9d8901939ed07246-exec-1'), ('54:43', 'sparktc-9d8901939ed07246-exec-2'), ('54:43', 'sparktc-9d8901939ed07246-exec-3'), ('54:43', 'sparktc-9d8901939ed07246-exec-4'), ('54:43', 'sparktc-9d8901939ed07246-exec-5'), ('54:44', 'sparktc-9d8901939ed07246-exec-6'), ('54:44', 'sparktc-9d8901939ed07246-exec-7'), ('54:44', 'sparktc-9d8901939ed07246-exec-8'), ('54:52', 'sparktc-9d8901939ed07246-exec-1'), ('54:52', 'sparktc-9d8901939ed07246-exec-2'), ('54:53', 'sparktc-9d8901939ed07246-exec-3'), ('54:53', 'sparktc-9d8901939ed07246-exec-4'), ('54:53', 'sparktc-9d8901939ed07246-exec-5'), ('54:53', 'sparktc-9d8901939ed07246-exec-6'), ('54:53', 'sparktc-9d8901939ed07246-exec-7'), ('54:54', 'sparktc-9d8901939ed07246-exec-8'), ('55:02', 'sparktc-9d8901939ed07246-exec-1'), ('55:02', 'sparktc-9d8901939ed07246-exec-2'), ('55:03', 'sparktc-9d8901939ed07246-exec-3'), ('55:03', 'sparktc-9d8901939ed07246-exec-4'), ('55:03', 'sparktc-9d8901939ed07246-exec-5'), ('55:03', 'sparktc-9d8901939ed07246-exec-6'), ('55:04', 'sparktc-9d8901939ed07246-exec-7'), ('55:04', 'sparktc-9d8901939ed07246-exec-8'), ('55:11', 'sparktc-9d8901939ed07246-exec-1'), ('55:12', 'sparktc-9d8901939ed07246-exec-2'), ('55:12', 'sparktc-9d8901939ed07246-exec-3'), ('55:12', 'sparktc-9d8901939ed07246-exec-4'), ('55:12', 'sparktc-9d8901939ed07246-exec-5'), ('55:13', 'sparktc-9d8901939ed07246-exec-6'), ('55:13', 'sparktc-9d8901939ed07246-exec-7'), ('55:13', 'sparktc-9d8901939ed07246-exec-8'), ('55:20', 'sparktc-9d8901939ed07246-exec-1'), ('55:20', 'sparktc-9d8901939ed07246-exec-2'), ('55:21', 'sparktc-9d8901939ed07246-exec-3'), ('55:21', 'sparktc-9d8901939ed07246-exec-4'), ('55:21', 'sparktc-9d8901939ed07246-exec-5'), ('55:21', 'sparktc-9d8901939ed07246-exec-6'), ('55:21', 'sparktc-9d8901939ed07246-exec-7'), ('55:22', 'sparktc-9d8901939ed07246-exec-8'), ('55:29', 'sparktc-9d8901939ed07246-exec-1'), ('55:29', 'sparktc-9d8901939ed07246-exec-2'), ('55:29', 'sparktc-9d8901939ed07246-exec-3'), ('55:29', 'sparktc-9d8901939ed07246-exec-4'), ('55:29', 'sparktc-9d8901939ed07246-exec-5'), ('55:30', 'sparktc-9d8901939ed07246-exec-6'), ('55:30', 'sparktc-9d8901939ed07246-exec-7'), ('55:30', 'sparktc-9d8901939ed07246-exec-8'), ('55:37', 'sparktc-9d8901939ed07246-exec-1'), ('55:37', 'sparktc-9d8901939ed07246-exec-2'), ('55:37', 'sparktc-9d8901939ed07246-exec-3'), ('55:38', 'sparktc-9d8901939ed07246-exec-4'), ('55:38', 'sparktc-9d8901939ed07246-exec-5'), ('55:38', 'sparktc-9d8901939ed07246-exec-6'), ('55:38', 'sparktc-9d8901939ed07246-exec-7'), ('55:39', 'sparktc-9d8901939ed07246-exec-8'), ('55:45', 'sparktc-9d8901939ed07246-exec-1'), ('55:45', 'sparktc-9d8901939ed07246-exec-2'), ('55:46', 'sparktc-9d8901939ed07246-exec-3'), ('55:46', 'sparktc-9d8901939ed07246-exec-4'), ('55:46', 'sparktc-9d8901939ed07246-exec-5'), ('55:46', 'sparktc-9d8901939ed07246-exec-6'), ('55:46', 'sparktc-9d8901939ed07246-exec-7'), ('55:47', 'sparktc-9d8901939ed07246-exec-8')]"
19,2024-12-07 01:51:57.187500,2024-12-07 01:57:09.887845,1972.7085000000025,"[('52:23', 'sparktc-05b032939ed131aa-exec-1'), ('52:32', 'sparktc-05b032939ed131aa-exec-1'), ('52:32', 'sparktc-05b032939ed131aa-exec-2'), ('52:40', 'sparktc-05b032939ed131aa-exec-1'), ('52:40', 'sparktc-05b032939ed131aa-exec-2'), ('52:41', 'sparktc-05b032939ed131aa-exec-3'), ('52:41', 'sparktc-05b032939ed131aa-exec-4'), ('52:41', 'sparktc-05b032939ed131aa-exec-5'), ('52:41', 'sparktc-05b032939ed131aa-exec-6'), ('52:49', 'sparktc-05b032939ed131aa-exec-1'), ('52:50', 'sparktc-05b032939ed131aa-exec-2'), ('52:50', 'sparktc-05b032939ed131aa-exec-3'), ('52:50', 'sparktc-05b032939ed131aa-exec-4'), ('52:50', 'sparktc-05b032939ed131aa-exec-5'), ('52:51', 'sparktc-05b032939ed131aa-exec-6'), ('52:51', 'sparktc-05b032939ed131aa-exec-7'), ('52:51', 'sparktc-05b032939ed131aa-exec-8'), ('52:59', 'sparktc-05b032939ed131aa-exec-1'), ('53:00', 'sparktc-05b032939ed131aa-exec-2'), ('53:00', 'sparktc-05b032939ed131aa-exec-3'), ('53:00', 'sparktc-05b032939ed131aa-exec-4'), ('53:00', 'sparktc-05b032939ed131aa-exec-5'), ('53:01', 'sparktc-05b032939ed131aa-exec-6'), ('53:01', 'sparktc-05b032939ed131aa-exec-7'), ('53:01', 'sparktc-05b032939ed131aa-exec-8'), ('53:09', 'sparktc-05b032939ed131aa-exec-1'), ('53:09', 'sparktc-05b032939ed131aa-exec-2'), ('53:10', 'sparktc-05b032939ed131aa-exec-3'), ('53:10', 'sparktc-05b032939ed131aa-exec-4'), ('53:10', 'sparktc-05b032939ed131aa-exec-5'), ('53:10', 'sparktc-05b032939ed131aa-exec-6'), ('53:10', 'sparktc-05b032939ed131aa-exec-7'), ('53:11', 'sparktc-05b032939ed131aa-exec-8'), ('53:19', 'sparktc-05b032939ed131aa-exec-1'), ('53:19', 'sparktc-05b032939ed131aa-exec-2'), ('53:20', 'sparktc-05b032939ed131aa-exec-3'), ('53:20', 'sparktc-05b032939ed131aa-exec-4'), ('53:20', 'sparktc-05b032939ed131aa-exec-5'), ('53:20', 'sparktc-05b032939ed131aa-exec-6'), ('53:21', 'sparktc-05b032939ed131aa-exec-7'), ('53:21', 'sparktc-05b032939ed131aa-exec-8'), ('53:29', 'sparktc-05b032939ed131aa-exec-1'), ('53:29', 'sparktc-05b032939ed131aa-exec-2'), ('53:29', 'sparktc-05b032939ed131aa-exec-3'), ('53:30', 'sparktc-05b032939ed131aa-exec-4'), ('53:30', 'sparktc-05b032939ed131aa-exec-5'), ('53:30', 'sparktc-05b032939ed131aa-exec-6'), ('53:30', 'sparktc-05b032939ed131aa-exec-7'), ('53:30', 'sparktc-05b032939ed131aa-exec-8'), ('53:39', 'sparktc-05b032939ed131aa-exec-1'), ('53:39', 'sparktc-05b032939ed131aa-exec-2'), ('53:39', 'sparktc-05b032939ed131aa-exec-3'), ('53:39', 'sparktc-05b032939ed131aa-exec-4'), ('53:40', 'sparktc-05b032939ed131aa-exec-5'), ('53:40', 'sparktc-05b032939ed131aa-exec-6'), ('53:40', 'sparktc-05b032939ed131aa-exec-7'), ('53:41', 'sparktc-05b032939ed131aa-exec-8'), ('53:49', 'sparktc-05b032939ed131aa-exec-1'), ('53:49', 'sparktc-05b032939ed131aa-exec-2'), ('53:49', 'sparktc-05b032939ed131aa-exec-3'), ('53:49', 'sparktc-05b032939ed131aa-exec-4'), ('53:49', 'sparktc-05b032939ed131aa-exec-5'), ('53:50', 'sparktc-05b032939ed131aa-exec-6'), ('53:50', 'sparktc-05b032939ed131aa-exec-7'), ('53:50', 'sparktc-05b032939ed131aa-exec-8'), ('53:58', 'sparktc-05b032939ed131aa-exec-1'), ('53:59', 'sparktc-05b032939ed131aa-exec-2'), ('53:59', 'sparktc-05b032939ed131aa-exec-3'), ('53:59', 'sparktc-05b032939ed131aa-exec-4'), ('53:59', 'sparktc-05b032939ed131aa-exec-5'), ('54:00', 'sparktc-05b032939ed131aa-exec-6'), ('54:00', 'sparktc-05b032939ed131aa-exec-7'), ('54:00', 'sparktc-05b032939ed131aa-exec-8'), ('54:08', 'sparktc-05b032939ed131aa-exec-1'), ('54:09', 'sparktc-05b032939ed131aa-exec-2'), ('54:09', 'sparktc-05b032939ed131aa-exec-3'), ('54:09', 'sparktc-05b032939ed131aa-exec-4'), ('54:09', 'sparktc-05b032939ed131aa-exec-5'), ('54:09', 'sparktc-05b032939ed131aa-exec-6'), ('54:10', 'sparktc-05b032939ed131aa-exec-7'), ('54:10', 'sparktc-05b032939ed131aa-exec-8'), ('54:18', 'sparktc-05b032939ed131aa-exec-1'), ('54:18', 'sparktc-05b032939ed131aa-exec-2'), ('54:18', 'sparktc-05b032939ed131aa-exec-3'), ('54:18', 'sparktc-05b032939ed131aa-exec-4'), ('54:19', 'sparktc-05b032939ed131aa-exec-5'), ('54:19', 'sparktc-05b032939ed131aa-exec-6'), ('54:19', 'sparktc-05b032939ed131aa-exec-7'), ('54:19', 'sparktc-05b032939ed131aa-exec-8'), ('54:28', 'sparktc-05b032939ed131aa-exec-1'), ('54:28', 'sparktc-05b032939ed131aa-exec-2'), ('54:28', 'sparktc-05b032939ed131aa-exec-3'), ('54:29', 'sparktc-05b032939ed131aa-exec-4'), ('54:29', 'sparktc-05b032939ed131aa-exec-5'), ('54:29', 'sparktc-05b032939ed131aa-exec-6'), ('54:29', 'sparktc-05b032939ed131aa-exec-7'), ('54:30', 'sparktc-05b032939ed131aa-exec-8'), ('54:38', 'sparktc-05b032939ed131aa-exec-1'), ('54:38', 'sparktc-05b032939ed131aa-exec-2'), ('54:38', 'sparktc-05b032939ed131aa-exec-3'), ('54:38', 'sparktc-05b032939ed131aa-exec-4'), ('54:38', 'sparktc-05b032939ed131aa-exec-5'), ('54:39', 'sparktc-05b032939ed131aa-exec-6'), ('54:39', 'sparktc-05b032939ed131aa-exec-7'), ('54:39', 'sparktc-05b032939ed131aa-exec-8'), ('54:47', 'sparktc-05b032939ed131aa-exec-1'), ('54:47', 'sparktc-05b032939ed131aa-exec-2'), ('54:48', 'sparktc-05b032939ed131aa-exec-3'), ('54:48', 'sparktc-05b032939ed131aa-exec-4'), ('54:48', 'sparktc-05b032939ed131aa-exec-5'), ('54:48', 'sparktc-05b032939ed131aa-exec-6'), ('54:48', 'sparktc-05b032939ed131aa-exec-7'), ('54:49', 'sparktc-05b032939ed131aa-exec-8'), ('54:57', 'sparktc-05b032939ed131aa-exec-1'), ('54:57', 'sparktc-05b032939ed131aa-exec-2'), ('54:57', 'sparktc-05b032939ed131aa-exec-3'), ('54:58', 'sparktc-05b032939ed131aa-exec-4'), ('54:58', 'sparktc-05b032939ed131aa-exec-5'), ('54:58', 'sparktc-05b032939ed131aa-exec-6'), ('54:58', 'sparktc-05b032939ed131aa-exec-7'), ('54:58', 'sparktc-05b032939ed131aa-exec-8'), ('55:08', 'sparktc-05b032939ed131aa-exec-1'), ('55:08', 'sparktc-05b032939ed131aa-exec-2'), ('55:08', 'sparktc-05b032939ed131aa-exec-3'), ('55:08', 'sparktc-05b032939ed131aa-exec-4'), ('55:09', 'sparktc-05b032939ed131aa-exec-5'), ('55:09', 'sparktc-05b032939ed131aa-exec-6'), ('55:09', 'sparktc-05b032939ed131aa-exec-7'), ('55:09', 'sparktc-05b032939ed131aa-exec-8'), ('55:17', 'sparktc-05b032939ed131aa-exec-1'), ('55:17', 'sparktc-05b032939ed131aa-exec-2'), ('55:17', 'sparktc-05b032939ed131aa-exec-3'), ('55:17', 'sparktc-05b032939ed131aa-exec-4'), ('55:18', 'sparktc-05b032939ed131aa-exec-5'), ('55:18', 'sparktc-05b032939ed131aa-exec-6'), ('55:18', 'sparktc-05b032939ed131aa-exec-7'), ('55:18', 'sparktc-05b032939ed131aa-exec-8'), ('55:25', 'sparktc-05b032939ed131aa-exec-1'), ('55:25', 'sparktc-05b032939ed131aa-exec-2'), ('55:25', 'sparktc-05b032939ed131aa-exec-3'), ('55:26', 'sparktc-05b032939ed131aa-exec-4'), ('55:26', 'sparktc-05b032939ed131aa-exec-5'), ('55:26', 'sparktc-05b032939ed131aa-exec-6'), ('55:26', 'sparktc-05b032939ed131aa-exec-7'), ('55:26', 'sparktc-05b032939ed131aa-exec-8'), ('55:33', 'sparktc-05b032939ed131aa-exec-1'), ('55:33', 'sparktc-05b032939ed131aa-exec-2'), ('55:33', 'sparktc-05b032939ed131aa-exec-3'), ('55:34', 'sparktc-05b032939ed131aa-exec-4'), ('55:34', 'sparktc-05b032939ed131aa-exec-5'), ('55:34', 'sparktc-05b032939ed131aa-exec-6'), ('55:34', 'sparktc-05b032939ed131aa-exec-7'), ('55:35', 'sparktc-05b032939ed131aa-exec-8'), ('55:42', 'sparktc-05b032939ed131aa-exec-1'), ('55:43', 'sparktc-05b032939ed131aa-exec-2'), ('55:43', 'sparktc-05b032939ed131aa-exec-3'), ('55:43', 'sparktc-05b032939ed131aa-exec-4'), ('55:44', 'sparktc-05b032939ed131aa-exec-5'), ('55:44', 'sparktc-05b032939ed131aa-exec-6'), ('55:44', 'sparktc-05b032939ed131aa-exec-7'), ('55:44', 'sparktc-05b032939ed131aa-exec-8'), ('55:49', 'sparktc-05b032939ed131aa-exec-1'), ('55:49', 'sparktc-05b032939ed131aa-exec-2'), ('55:50', 'sparktc-05b032939ed131aa-exec-3'), ('55:50', 'sparktc-05b032939ed131aa-exec-4'), ('55:50', 'sparktc-05b032939ed131aa-exec-5'), ('55:51', 'sparktc-05b032939ed131aa-exec-6'), ('55:51', 'sparktc-05b032939ed131aa-exec-7'), ('55:51', 'sparktc-05b032939ed131aa-exec-8'), ('55:54', 'sparktc-05b032939ed131aa-exec-1'), ('55:54', 'sparktc-05b032939ed131aa-exec-2'), ('55:55', 'sparktc-05b032939ed131aa-exec-3'), ('55:55', 'sparktc-05b032939ed131aa-exec-4'), ('55:55', 'sparktc-05b032939ed131aa-exec-5'), ('55:56', 'sparktc-05b032939ed131aa-exec-6'), ('55:56', 'sparktc-05b032939ed131aa-exec-7'), ('55:56', 'sparktc-05b032939ed131aa-exec-8'), ('55:59', 'sparktc-05b032939ed131aa-exec-1'), ('56:00', 'sparktc-05b032939ed131aa-exec-2'), ('56:00', 'sparktc-05b032939ed131aa-exec-3'), ('56:00', 'sparktc-05b032939ed131aa-exec-4'), ('56:00', 'sparktc-05b032939ed131aa-exec-5'), ('56:01', 'sparktc-05b032939ed131aa-exec-6'), ('56:01', 'sparktc-05b032939ed131aa-exec-7'), ('56:01', 'sparktc-05b032939ed131aa-exec-8'), ('56:04', 'sparktc-05b032939ed131aa-exec-1'), ('56:05', 'sparktc-05b032939ed131aa-exec-2'), ('56:05', 'sparktc-05b032939ed131aa-exec-3'), ('56:05', 'sparktc-05b032939ed131aa-exec-4'), ('56:05', 'sparktc-05b032939ed131aa-exec-5'), ('56:05', 'sparktc-05b032939ed131aa-exec-6'), ('56:06', 'sparktc-05b032939ed131aa-exec-7'), ('56:06', 'sparktc-05b032939ed131aa-exec-8'), ('56:09', 'sparktc-05b032939ed131aa-exec-1'), ('56:09', 'sparktc-05b032939ed131aa-exec-2'), ('56:09', 'sparktc-05b032939ed131aa-exec-3'), ('56:10', 'sparktc-05b032939ed131aa-exec-4'), ('56:10', 'sparktc-05b032939ed131aa-exec-5'), ('56:10', 'sparktc-05b032939ed131aa-exec-6'), ('56:10', 'sparktc-05b032939ed131aa-exec-7'), ('56:11', 'sparktc-05b032939ed131aa-exec-8'), ('56:14', 'sparktc-05b032939ed131aa-exec-1'), ('56:14', 'sparktc-05b032939ed131aa-exec-2'), ('56:14', 'sparktc-05b032939ed131aa-exec-3'), ('56:15', 'sparktc-05b032939ed131aa-exec-4'), ('56:15', 'sparktc-05b032939ed131aa-exec-5'), ('56:15', 'sparktc-05b032939ed131aa-exec-6'), ('56:15', 'sparktc-05b032939ed131aa-exec-7'), ('56:15', 'sparktc-05b032939ed131aa-exec-8'), ('56:20', 'sparktc-05b032939ed131aa-exec-1'), ('56:20', 'sparktc-05b032939ed131aa-exec-2'), ('56:20', 'sparktc-05b032939ed131aa-exec-3'), ('56:20', 'sparktc-05b032939ed131aa-exec-4'), ('56:20', 'sparktc-05b032939ed131aa-exec-5'), ('56:21', 'sparktc-05b032939ed131aa-exec-6'), ('56:21', 'sparktc-05b032939ed131aa-exec-7'), ('56:21', 'sparktc-05b032939ed131aa-exec-8'), ('56:25', 'sparktc-05b032939ed131aa-exec-1'), ('56:26', 'sparktc-05b032939ed131aa-exec-2'), ('56:26', 'sparktc-05b032939ed131aa-exec-3'), ('56:26', 'sparktc-05b032939ed131aa-exec-4'), ('56:26', 'sparktc-05b032939ed131aa-exec-5'), ('56:27', 'sparktc-05b032939ed131aa-exec-6'), ('56:27', 'sparktc-05b032939ed131aa-exec-7'), ('56:27', 'sparktc-05b032939ed131aa-exec-8'), ('56:32', 'sparktc-05b032939ed131aa-exec-1'), ('56:33', 'sparktc-05b032939ed131aa-exec-2'), ('56:33', 'sparktc-05b032939ed131aa-exec-3'), ('56:33', 'sparktc-05b032939ed131aa-exec-4'), ('56:33', 'sparktc-05b032939ed131aa-exec-5'), ('56:33', 'sparktc-05b032939ed131aa-exec-6'), ('56:34', 'sparktc-05b032939ed131aa-exec-7'), ('56:34', 'sparktc-05b032939ed131aa-exec-8'), ('56:41', 'sparktc-05b032939ed131aa-exec-1'), ('56:41', 'sparktc-05b032939ed131aa-exec-2'), ('56:41', 'sparktc-05b032939ed131aa-exec-3'), ('56:41', 'sparktc-05b032939ed131aa-exec-4'), ('56:42', 'sparktc-05b032939ed131aa-exec-5'), ('56:42', 'sparktc-05b032939ed131aa-exec-6'), ('56:42', 'sparktc-05b032939ed131aa-exec-7'), ('56:42', 'sparktc-05b032939ed131aa-exec-8'), ('56:50', 'sparktc-05b032939ed131aa-exec-1'), ('56:50', 'sparktc-05b032939ed131aa-exec-2'), ('56:50', 'sparktc-05b032939ed131aa-exec-3'), ('56:51', 'sparktc-05b032939ed131aa-exec-4'), ('56:51', 'sparktc-05b032939ed131aa-exec-5'), ('56:51', 'sparktc-05b032939ed131aa-exec-6'), ('56:51', 'sparktc-05b032939ed131aa-exec-7'), ('56:51', 'sparktc-05b032939ed131aa-exec-8'), ('57:00', 'sparktc-05b032939ed131aa-exec-1'), ('57:00', 'sparktc-05b032939ed131aa-exec-2'), ('57:00', 'sparktc-05b032939ed131aa-exec-3'), ('57:00', 'sparktc-05b032939ed131aa-exec-4'), ('57:01', 'sparktc-05b032939ed131aa-exec-5'), ('57:01', 'sparktc-05b032939ed131aa-exec-6'), ('57:01', 'sparktc-05b032939ed131aa-exec-8')]"
20,2024-12-07 01:55:07.081332,2024-12-07 01:59:58.350360,1734.1886666666614,"[('55:35', 'sparktc-0b67c1939ed4168f-exec-1'), ('55:45', 'sparktc-0b67c1939ed4168f-exec-1'), ('55:45', 'sparktc-0b67c1939ed4168f-exec-2'), ('55:51', 'sparktc-0b67c1939ed4168f-exec-1'), ('55:52', 'sparktc-0b67c1939ed4168f-exec-2'), ('55:52', 'sparktc-0b67c1939ed4168f-exec-3'), ('55:56', 'sparktc-0b67c1939ed4168f-exec-1'), ('55:57', 'sparktc-0b67c1939ed4168f-exec-2'), ('55:57', 'sparktc-0b67c1939ed4168f-exec-3'), ('55:57', 'sparktc-0b67c1939ed4168f-exec-4'), ('55:58', 'sparktc-0b67c1939ed4168f-exec-5'), ('55:58', 'sparktc-0b67c1939ed4168f-exec-6'), ('56:01', 'sparktc-0b67c1939ed4168f-exec-1'), ('56:02', 'sparktc-0b67c1939ed4168f-exec-2'), ('56:02', 'sparktc-0b67c1939ed4168f-exec-3'), ('56:02', 'sparktc-0b67c1939ed4168f-exec-4'), ('56:02', 'sparktc-0b67c1939ed4168f-exec-5'), ('56:03', 'sparktc-0b67c1939ed4168f-exec-6'), ('56:03', 'sparktc-0b67c1939ed4168f-exec-7'), ('56:03', 'sparktc-0b67c1939ed4168f-exec-8'), ('56:06', 'sparktc-0b67c1939ed4168f-exec-1'), ('56:06', 'sparktc-0b67c1939ed4168f-exec-2'), ('56:07', 'sparktc-0b67c1939ed4168f-exec-3'), ('56:07', 'sparktc-0b67c1939ed4168f-exec-4'), ('56:07', 'sparktc-0b67c1939ed4168f-exec-5'), ('56:07', 'sparktc-0b67c1939ed4168f-exec-6'), ('56:07', 'sparktc-0b67c1939ed4168f-exec-7'), ('56:08', 'sparktc-0b67c1939ed4168f-exec-8'), ('56:11', 'sparktc-0b67c1939ed4168f-exec-1'), ('56:11', 'sparktc-0b67c1939ed4168f-exec-2'), ('56:11', 'sparktc-0b67c1939ed4168f-exec-3'), ('56:11', 'sparktc-0b67c1939ed4168f-exec-4'), ('56:12', 'sparktc-0b67c1939ed4168f-exec-5'), ('56:12', 'sparktc-0b67c1939ed4168f-exec-6'), ('56:12', 'sparktc-0b67c1939ed4168f-exec-7'), ('56:12', 'sparktc-0b67c1939ed4168f-exec-8'), ('56:16', 'sparktc-0b67c1939ed4168f-exec-1'), ('56:16', 'sparktc-0b67c1939ed4168f-exec-2'), ('56:16', 'sparktc-0b67c1939ed4168f-exec-3'), ('56:16', 'sparktc-0b67c1939ed4168f-exec-4'), ('56:17', 'sparktc-0b67c1939ed4168f-exec-5'), ('56:17', 'sparktc-0b67c1939ed4168f-exec-6'), ('56:17', 'sparktc-0b67c1939ed4168f-exec-7'), ('56:17', 'sparktc-0b67c1939ed4168f-exec-8'), ('56:21', 'sparktc-0b67c1939ed4168f-exec-1'), ('56:22', 'sparktc-0b67c1939ed4168f-exec-2'), ('56:22', 'sparktc-0b67c1939ed4168f-exec-3'), ('56:22', 'sparktc-0b67c1939ed4168f-exec-4'), ('56:22', 'sparktc-0b67c1939ed4168f-exec-5'), ('56:22', 'sparktc-0b67c1939ed4168f-exec-6'), ('56:23', 'sparktc-0b67c1939ed4168f-exec-7'), ('56:23', 'sparktc-0b67c1939ed4168f-exec-8'), ('56:27', 'sparktc-0b67c1939ed4168f-exec-1'), ('56:27', 'sparktc-0b67c1939ed4168f-exec-2'), ('56:28', 'sparktc-0b67c1939ed4168f-exec-3'), ('56:28', 'sparktc-0b67c1939ed4168f-exec-4'), ('56:28', 'sparktc-0b67c1939ed4168f-exec-5'), ('56:28', 'sparktc-0b67c1939ed4168f-exec-6'), ('56:29', 'sparktc-0b67c1939ed4168f-exec-7'), ('56:29', 'sparktc-0b67c1939ed4168f-exec-8'), ('56:34', 'sparktc-0b67c1939ed4168f-exec-1'), ('56:35', 'sparktc-0b67c1939ed4168f-exec-2'), ('56:35', 'sparktc-0b67c1939ed4168f-exec-3'), ('56:35', 'sparktc-0b67c1939ed4168f-exec-4'), ('56:35', 'sparktc-0b67c1939ed4168f-exec-5'), ('56:36', 'sparktc-0b67c1939ed4168f-exec-6'), ('56:36', 'sparktc-0b67c1939ed4168f-exec-7'), ('56:36', 'sparktc-0b67c1939ed4168f-exec-8'), ('56:43', 'sparktc-0b67c1939ed4168f-exec-1'), ('56:43', 'sparktc-0b67c1939ed4168f-exec-2'), ('56:43', 'sparktc-0b67c1939ed4168f-exec-3'), ('56:43', 'sparktc-0b67c1939ed4168f-exec-4'), ('56:43', 'sparktc-0b67c1939ed4168f-exec-5'), ('56:44', 'sparktc-0b67c1939ed4168f-exec-6'), ('56:44', 'sparktc-0b67c1939ed4168f-exec-7'), ('56:44', 'sparktc-0b67c1939ed4168f-exec-8'), ('56:52', 'sparktc-0b67c1939ed4168f-exec-1'), ('56:52', 'sparktc-0b67c1939ed4168f-exec-2'), ('56:52', 'sparktc-0b67c1939ed4168f-exec-3'), ('56:52', 'sparktc-0b67c1939ed4168f-exec-4'), ('56:53', 'sparktc-0b67c1939ed4168f-exec-5'), ('56:53', 'sparktc-0b67c1939ed4168f-exec-6'), ('56:53', 'sparktc-0b67c1939ed4168f-exec-7'), ('56:53', 'sparktc-0b67c1939ed4168f-exec-8'), ('57:02', 'sparktc-0b67c1939ed4168f-exec-1'), ('57:02', 'sparktc-0b67c1939ed4168f-exec-2'), ('57:02', 'sparktc-0b67c1939ed4168f-exec-3'), ('57:02', 'sparktc-0b67c1939ed4168f-exec-4'), ('57:03', 'sparktc-0b67c1939ed4168f-exec-5'), ('57:03', 'sparktc-0b67c1939ed4168f-exec-6'), ('57:03', 'sparktc-0b67c1939ed4168f-exec-7'), ('57:03', 'sparktc-0b67c1939ed4168f-exec-8'), ('57:10', 'sparktc-0b67c1939ed4168f-exec-1'), ('57:11', 'sparktc-0b67c1939ed4168f-exec-2'), ('57:11', 'sparktc-0b67c1939ed4168f-exec-3'), ('57:11', 'sparktc-0b67c1939ed4168f-exec-4'), ('57:11', 'sparktc-0b67c1939ed4168f-exec-5'), ('57:11', 'sparktc-0b67c1939ed4168f-exec-6'), ('57:12', 'sparktc-0b67c1939ed4168f-exec-7'), ('57:12', 'sparktc-0b67c1939ed4168f-exec-8'), ('57:19', 'sparktc-0b67c1939ed4168f-exec-1'), ('57:19', 'sparktc-0b67c1939ed4168f-exec-2'), ('57:20', 'sparktc-0b67c1939ed4168f-exec-3'), ('57:20', 'sparktc-0b67c1939ed4168f-exec-4'), ('57:20', 'sparktc-0b67c1939ed4168f-exec-5'), ('57:20', 'sparktc-0b67c1939ed4168f-exec-6'), ('57:21', 'sparktc-0b67c1939ed4168f-exec-7'), ('57:21', 'sparktc-0b67c1939ed4168f-exec-8'), ('57:27', 'sparktc-0b67c1939ed4168f-exec-1'), ('57:27', 'sparktc-0b67c1939ed4168f-exec-2'), ('57:28', 'sparktc-0b67c1939ed4168f-exec-3'), ('57:28', 'sparktc-0b67c1939ed4168f-exec-4'), ('57:28', 'sparktc-0b67c1939ed4168f-exec-5'), ('57:28', 'sparktc-0b67c1939ed4168f-exec-6'), ('57:28', 'sparktc-0b67c1939ed4168f-exec-7'), ('57:29', 'sparktc-0b67c1939ed4168f-exec-8'), ('57:35', 'sparktc-0b67c1939ed4168f-exec-1'), ('57:36', 'sparktc-0b67c1939ed4168f-exec-2'), ('57:36', 'sparktc-0b67c1939ed4168f-exec-3'), ('57:36', 'sparktc-0b67c1939ed4168f-exec-4'), ('57:36', 'sparktc-0b67c1939ed4168f-exec-5'), ('57:36', 'sparktc-0b67c1939ed4168f-exec-6'), ('57:37', 'sparktc-0b67c1939ed4168f-exec-7'), ('57:37', 'sparktc-0b67c1939ed4168f-exec-8'), ('57:44', 'sparktc-0b67c1939ed4168f-exec-1'), ('57:44', 'sparktc-0b67c1939ed4168f-exec-2'), ('57:44', 'sparktc-0b67c1939ed4168f-exec-3'), ('57:44', 'sparktc-0b67c1939ed4168f-exec-4'), ('57:44', 'sparktc-0b67c1939ed4168f-exec-5'), ('57:45', 'sparktc-0b67c1939ed4168f-exec-6'), ('57:45', 'sparktc-0b67c1939ed4168f-exec-7'), ('57:45', 'sparktc-0b67c1939ed4168f-exec-8'), ('57:52', 'sparktc-0b67c1939ed4168f-exec-1'), ('57:52', 'sparktc-0b67c1939ed4168f-exec-2'), ('57:52', 'sparktc-0b67c1939ed4168f-exec-3'), ('57:53', 'sparktc-0b67c1939ed4168f-exec-4'), ('57:53', 'sparktc-0b67c1939ed4168f-exec-5'), ('57:53', 'sparktc-0b67c1939ed4168f-exec-6'), ('57:53', 'sparktc-0b67c1939ed4168f-exec-7'), ('57:54', 'sparktc-0b67c1939ed4168f-exec-8'), ('58:02', 'sparktc-0b67c1939ed4168f-exec-1'), ('58:02', 'sparktc-0b67c1939ed4168f-exec-2'), ('58:02', 'sparktc-0b67c1939ed4168f-exec-3'), ('58:02', 'sparktc-0b67c1939ed4168f-exec-4'), ('58:02', 'sparktc-0b67c1939ed4168f-exec-5'), ('58:03', 'sparktc-0b67c1939ed4168f-exec-6'), ('58:03', 'sparktc-0b67c1939ed4168f-exec-7'), ('58:03', 'sparktc-0b67c1939ed4168f-exec-8'), ('58:11', 'sparktc-0b67c1939ed4168f-exec-1'), ('58:11', 'sparktc-0b67c1939ed4168f-exec-2'), ('58:12', 'sparktc-0b67c1939ed4168f-exec-3'), ('58:12', 'sparktc-0b67c1939ed4168f-exec-4'), ('58:12', 'sparktc-0b67c1939ed4168f-exec-5'), ('58:12', 'sparktc-0b67c1939ed4168f-exec-6'), ('58:13', 'sparktc-0b67c1939ed4168f-exec-7'), ('58:13', 'sparktc-0b67c1939ed4168f-exec-8'), ('58:21', 'sparktc-0b67c1939ed4168f-exec-1'), ('58:21', 'sparktc-0b67c1939ed4168f-exec-2'), ('58:22', 'sparktc-0b67c1939ed4168f-exec-3'), ('58:22', 'sparktc-0b67c1939ed4168f-exec-4'), ('58:22', 'sparktc-0b67c1939ed4168f-exec-5'), ('58:22', 'sparktc-0b67c1939ed4168f-exec-6'), ('58:22', 'sparktc-0b67c1939ed4168f-exec-7'), ('58:23', 'sparktc-0b67c1939ed4168f-exec-8'), ('58:31', 'sparktc-0b67c1939ed4168f-exec-1'), ('58:31', 'sparktc-0b67c1939ed4168f-exec-2'), ('58:31', 'sparktc-0b67c1939ed4168f-exec-3'), ('58:31', 'sparktc-0b67c1939ed4168f-exec-4'), ('58:32', 'sparktc-0b67c1939ed4168f-exec-5'), ('58:32', 'sparktc-0b67c1939ed4168f-exec-6'), ('58:32', 'sparktc-0b67c1939ed4168f-exec-7'), ('58:32', 'sparktc-0b67c1939ed4168f-exec-8'), ('58:41', 'sparktc-0b67c1939ed4168f-exec-1'), ('58:41', 'sparktc-0b67c1939ed4168f-exec-2'), ('58:41', 'sparktc-0b67c1939ed4168f-exec-3'), ('58:41', 'sparktc-0b67c1939ed4168f-exec-4'), ('58:42', 'sparktc-0b67c1939ed4168f-exec-5'), ('58:42', 'sparktc-0b67c1939ed4168f-exec-6'), ('58:42', 'sparktc-0b67c1939ed4168f-exec-7'), ('58:42', 'sparktc-0b67c1939ed4168f-exec-8'), ('58:50', 'sparktc-0b67c1939ed4168f-exec-1'), ('58:51', 'sparktc-0b67c1939ed4168f-exec-2'), ('58:51', 'sparktc-0b67c1939ed4168f-exec-3'), ('58:51', 'sparktc-0b67c1939ed4168f-exec-4'), ('58:51', 'sparktc-0b67c1939ed4168f-exec-5'), ('58:51', 'sparktc-0b67c1939ed4168f-exec-6'), ('58:52', 'sparktc-0b67c1939ed4168f-exec-7'), ('58:52', 'sparktc-0b67c1939ed4168f-exec-8'), ('59:01', 'sparktc-0b67c1939ed4168f-exec-1'), ('59:01', 'sparktc-0b67c1939ed4168f-exec-2'), ('59:01', 'sparktc-0b67c1939ed4168f-exec-3'), ('59:01', 'sparktc-0b67c1939ed4168f-exec-4'), ('59:01', 'sparktc-0b67c1939ed4168f-exec-5'), ('59:02', 'sparktc-0b67c1939ed4168f-exec-6'), ('59:02', 'sparktc-0b67c1939ed4168f-exec-7'), ('59:02', 'sparktc-0b67c1939ed4168f-exec-8'), ('59:10', 'sparktc-0b67c1939ed4168f-exec-1'), ('59:10', 'sparktc-0b67c1939ed4168f-exec-2'), ('59:11', 'sparktc-0b67c1939ed4168f-exec-3'), ('59:11', 'sparktc-0b67c1939ed4168f-exec-4'), ('59:11', 'sparktc-0b67c1939ed4168f-exec-5'), ('59:11', 'sparktc-0b67c1939ed4168f-exec-6'), ('59:12', 'sparktc-0b67c1939ed4168f-exec-7'), ('59:12', 'sparktc-0b67c1939ed4168f-exec-8'), ('59:20', 'sparktc-0b67c1939ed4168f-exec-1'), ('59:20', 'sparktc-0b67c1939ed4168f-exec-2'), ('59:21', 'sparktc-0b67c1939ed4168f-exec-3'), ('59:21', 'sparktc-0b67c1939ed4168f-exec-4'), ('59:21', 'sparktc-0b67c1939ed4168f-exec-5'), ('59:21', 'sparktc-0b67c1939ed4168f-exec-6'), ('59:21', 'sparktc-0b67c1939ed4168f-exec-7'), ('59:22', 'sparktc-0b67c1939ed4168f-exec-8'), ('59:30', 'sparktc-0b67c1939ed4168f-exec-1'), ('59:30', 'sparktc-0b67c1939ed4168f-exec-2'), ('59:31', 'sparktc-0b67c1939ed4168f-exec-3'), ('59:31', 'sparktc-0b67c1939ed4168f-exec-4'), ('59:31', 'sparktc-0b67c1939ed4168f-exec-5'), ('59:31', 'sparktc-0b67c1939ed4168f-exec-6'), ('59:31', 'sparktc-0b67c1939ed4168f-exec-7'), ('59:32', 'sparktc-0b67c1939ed4168f-exec-8'), ('59:40', 'sparktc-0b67c1939ed4168f-exec-1'), ('59:40', 'sparktc-0b67c1939ed4168f-exec-2'), ('59:40', 'sparktc-0b67c1939ed4168f-exec-3'), ('59:41', 'sparktc-0b67c1939ed4168f-exec-4'), ('59:41', 'sparktc-0b67c1939ed4168f-exec-5'), ('59:41', 'sparktc-0b67c1939ed4168f-exec-6'), ('59:41', 'sparktc-0b67c1939ed4168f-exec-7'), ('59:42', 'sparktc-0b67c1939ed4168f-exec-8')]"
21,2024-12-07 01:55:42.030157,2024-12-07 02:01:01.527877,1770.7701666666637,"[('56:08', 'sparktc-b51e1b939ed4a044-exec-1'), ('56:13', 'sparktc-b51e1b939ed4a044-exec-1'), ('56:18', 'sparktc-b51e1b939ed4a044-exec-1'), ('56:18', 'sparktc-b51e1b939ed4a044-exec-2'), ('56:23', 'sparktc-b51e1b939ed4a044-exec-1'), ('56:23', 'sparktc-b51e1b939ed4a044-exec-2'), ('56:24', 'sparktc-b51e1b939ed4a044-exec-3'), ('56:30', 'sparktc-b51e1b939ed4a044-exec-1'), ('56:30', 'sparktc-b51e1b939ed4a044-exec-2'), ('56:30', 'sparktc-b51e1b939ed4a044-exec-3'), ('56:30', 'sparktc-b51e1b939ed4a044-exec-4'), ('56:30', 'sparktc-b51e1b939ed4a044-exec-5'), ('56:37', 'sparktc-b51e1b939ed4a044-exec-1'), ('56:37', 'sparktc-b51e1b939ed4a044-exec-2'), ('56:38', 'sparktc-b51e1b939ed4a044-exec-3'), ('56:38', 'sparktc-b51e1b939ed4a044-exec-4'), ('56:38', 'sparktc-b51e1b939ed4a044-exec-5'), ('56:38', 'sparktc-b51e1b939ed4a044-exec-6'), ('56:39', 'sparktc-b51e1b939ed4a044-exec-7'), ('56:39', 'sparktc-b51e1b939ed4a044-exec-8'), ('56:46', 'sparktc-b51e1b939ed4a044-exec-1'), ('56:46', 'sparktc-b51e1b939ed4a044-exec-2'), ('56:47', 'sparktc-b51e1b939ed4a044-exec-3'), ('56:47', 'sparktc-b51e1b939ed4a044-exec-4'), ('56:47', 'sparktc-b51e1b939ed4a044-exec-5'), ('56:47', 'sparktc-b51e1b939ed4a044-exec-6'), ('56:48', 'sparktc-b51e1b939ed4a044-exec-7'), ('56:48', 'sparktc-b51e1b939ed4a044-exec-8'), ('56:55', 'sparktc-b51e1b939ed4a044-exec-1'), ('56:55', 'sparktc-b51e1b939ed4a044-exec-2'), ('56:55', 'sparktc-b51e1b939ed4a044-exec-3'), ('56:56', 'sparktc-b51e1b939ed4a044-exec-4'), ('56:56', 'sparktc-b51e1b939ed4a044-exec-5'), ('56:56', 'sparktc-b51e1b939ed4a044-exec-6'), ('56:56', 'sparktc-b51e1b939ed4a044-exec-7'), ('56:57', 'sparktc-b51e1b939ed4a044-exec-8'), ('57:05', 'sparktc-b51e1b939ed4a044-exec-1'), ('57:06', 'sparktc-b51e1b939ed4a044-exec-2'), ('57:06', 'sparktc-b51e1b939ed4a044-exec-3'), ('57:06', 'sparktc-b51e1b939ed4a044-exec-4'), ('57:06', 'sparktc-b51e1b939ed4a044-exec-5'), ('57:06', 'sparktc-b51e1b939ed4a044-exec-6'), ('57:07', 'sparktc-b51e1b939ed4a044-exec-7'), ('57:07', 'sparktc-b51e1b939ed4a044-exec-8'), ('57:14', 'sparktc-b51e1b939ed4a044-exec-1'), ('57:14', 'sparktc-b51e1b939ed4a044-exec-2'), ('57:15', 'sparktc-b51e1b939ed4a044-exec-3'), ('57:15', 'sparktc-b51e1b939ed4a044-exec-4'), ('57:15', 'sparktc-b51e1b939ed4a044-exec-5'), ('57:15', 'sparktc-b51e1b939ed4a044-exec-6'), ('57:16', 'sparktc-b51e1b939ed4a044-exec-7'), ('57:16', 'sparktc-b51e1b939ed4a044-exec-8'), ('57:23', 'sparktc-b51e1b939ed4a044-exec-1'), ('57:23', 'sparktc-b51e1b939ed4a044-exec-2'), ('57:23', 'sparktc-b51e1b939ed4a044-exec-3'), ('57:23', 'sparktc-b51e1b939ed4a044-exec-4'), ('57:24', 'sparktc-b51e1b939ed4a044-exec-5'), ('57:24', 'sparktc-b51e1b939ed4a044-exec-6'), ('57:24', 'sparktc-b51e1b939ed4a044-exec-7'), ('57:24', 'sparktc-b51e1b939ed4a044-exec-8'), ('57:31', 'sparktc-b51e1b939ed4a044-exec-1'), ('57:31', 'sparktc-b51e1b939ed4a044-exec-2'), ('57:31', 'sparktc-b51e1b939ed4a044-exec-3'), ('57:31', 'sparktc-b51e1b939ed4a044-exec-4'), ('57:32', 'sparktc-b51e1b939ed4a044-exec-5'), ('57:32', 'sparktc-b51e1b939ed4a044-exec-6'), ('57:32', 'sparktc-b51e1b939ed4a044-exec-7'), ('57:32', 'sparktc-b51e1b939ed4a044-exec-8'), ('57:39', 'sparktc-b51e1b939ed4a044-exec-1'), ('57:39', 'sparktc-b51e1b939ed4a044-exec-2'), ('57:39', 'sparktc-b51e1b939ed4a044-exec-3'), ('57:40', 'sparktc-b51e1b939ed4a044-exec-4'), ('57:40', 'sparktc-b51e1b939ed4a044-exec-5'), ('57:40', 'sparktc-b51e1b939ed4a044-exec-6'), ('57:40', 'sparktc-b51e1b939ed4a044-exec-7'), ('57:40', 'sparktc-b51e1b939ed4a044-exec-8'), ('57:47', 'sparktc-b51e1b939ed4a044-exec-1'), ('57:47', 'sparktc-b51e1b939ed4a044-exec-2'), ('57:48', 'sparktc-b51e1b939ed4a044-exec-3'), ('57:48', 'sparktc-b51e1b939ed4a044-exec-4'), ('57:48', 'sparktc-b51e1b939ed4a044-exec-5'), ('57:48', 'sparktc-b51e1b939ed4a044-exec-6'), ('57:48', 'sparktc-b51e1b939ed4a044-exec-7'), ('57:49', 'sparktc-b51e1b939ed4a044-exec-8'), ('57:57', 'sparktc-b51e1b939ed4a044-exec-1'), ('57:57', 'sparktc-b51e1b939ed4a044-exec-2'), ('57:57', 'sparktc-b51e1b939ed4a044-exec-3'), ('57:58', 'sparktc-b51e1b939ed4a044-exec-4'), ('57:58', 'sparktc-b51e1b939ed4a044-exec-5'), ('57:58', 'sparktc-b51e1b939ed4a044-exec-6'), ('57:58', 'sparktc-b51e1b939ed4a044-exec-7'), ('57:58', 'sparktc-b51e1b939ed4a044-exec-8'), ('58:07', 'sparktc-b51e1b939ed4a044-exec-1'), ('58:07', 'sparktc-b51e1b939ed4a044-exec-2'), ('58:07', 'sparktc-b51e1b939ed4a044-exec-3'), ('58:07', 'sparktc-b51e1b939ed4a044-exec-4'), ('58:08', 'sparktc-b51e1b939ed4a044-exec-5'), ('58:08', 'sparktc-b51e1b939ed4a044-exec-6'), ('58:08', 'sparktc-b51e1b939ed4a044-exec-7'), ('58:08', 'sparktc-b51e1b939ed4a044-exec-8'), ('58:16', 'sparktc-b51e1b939ed4a044-exec-1'), ('58:17', 'sparktc-b51e1b939ed4a044-exec-2'), ('58:17', 'sparktc-b51e1b939ed4a044-exec-3'), ('58:17', 'sparktc-b51e1b939ed4a044-exec-4'), ('58:17', 'sparktc-b51e1b939ed4a044-exec-5'), ('58:17', 'sparktc-b51e1b939ed4a044-exec-6'), ('58:18', 'sparktc-b51e1b939ed4a044-exec-7'), ('58:18', 'sparktc-b51e1b939ed4a044-exec-8'), ('58:26', 'sparktc-b51e1b939ed4a044-exec-1'), ('58:26', 'sparktc-b51e1b939ed4a044-exec-2'), ('58:26', 'sparktc-b51e1b939ed4a044-exec-3'), ('58:27', 'sparktc-b51e1b939ed4a044-exec-4'), ('58:27', 'sparktc-b51e1b939ed4a044-exec-5'), ('58:27', 'sparktc-b51e1b939ed4a044-exec-6'), ('58:27', 'sparktc-b51e1b939ed4a044-exec-7'), ('58:28', 'sparktc-b51e1b939ed4a044-exec-8'), ('58:36', 'sparktc-b51e1b939ed4a044-exec-1'), ('58:36', 'sparktc-b51e1b939ed4a044-exec-2'), ('58:36', 'sparktc-b51e1b939ed4a044-exec-3'), ('58:37', 'sparktc-b51e1b939ed4a044-exec-4'), ('58:37', 'sparktc-b51e1b939ed4a044-exec-5'), ('58:37', 'sparktc-b51e1b939ed4a044-exec-6'), ('58:37', 'sparktc-b51e1b939ed4a044-exec-7'), ('58:38', 'sparktc-b51e1b939ed4a044-exec-8'), ('58:46', 'sparktc-b51e1b939ed4a044-exec-1'), ('58:46', 'sparktc-b51e1b939ed4a044-exec-2'), ('58:46', 'sparktc-b51e1b939ed4a044-exec-3'), ('58:46', 'sparktc-b51e1b939ed4a044-exec-4'), ('58:47', 'sparktc-b51e1b939ed4a044-exec-5'), ('58:47', 'sparktc-b51e1b939ed4a044-exec-6'), ('58:47', 'sparktc-b51e1b939ed4a044-exec-7'), ('58:47', 'sparktc-b51e1b939ed4a044-exec-8'), ('58:56', 'sparktc-b51e1b939ed4a044-exec-1'), ('58:56', 'sparktc-b51e1b939ed4a044-exec-2'), ('58:56', 'sparktc-b51e1b939ed4a044-exec-3'), ('58:56', 'sparktc-b51e1b939ed4a044-exec-4'), ('58:57', 'sparktc-b51e1b939ed4a044-exec-5'), ('58:57', 'sparktc-b51e1b939ed4a044-exec-6'), ('58:57', 'sparktc-b51e1b939ed4a044-exec-7'), ('58:57', 'sparktc-b51e1b939ed4a044-exec-8'), ('59:06', 'sparktc-b51e1b939ed4a044-exec-1'), ('59:06', 'sparktc-b51e1b939ed4a044-exec-2'), ('59:06', 'sparktc-b51e1b939ed4a044-exec-3'), ('59:06', 'sparktc-b51e1b939ed4a044-exec-4'), ('59:07', 'sparktc-b51e1b939ed4a044-exec-5'), ('59:07', 'sparktc-b51e1b939ed4a044-exec-6'), ('59:07', 'sparktc-b51e1b939ed4a044-exec-7'), ('59:07', 'sparktc-b51e1b939ed4a044-exec-8'), ('59:15', 'sparktc-b51e1b939ed4a044-exec-1'), ('59:16', 'sparktc-b51e1b939ed4a044-exec-2'), ('59:16', 'sparktc-b51e1b939ed4a044-exec-3'), ('59:16', 'sparktc-b51e1b939ed4a044-exec-4'), ('59:16', 'sparktc-b51e1b939ed4a044-exec-5'), ('59:17', 'sparktc-b51e1b939ed4a044-exec-6'), ('59:17', 'sparktc-b51e1b939ed4a044-exec-7'), ('59:17', 'sparktc-b51e1b939ed4a044-exec-8'), ('59:26', 'sparktc-b51e1b939ed4a044-exec-1'), ('59:26', 'sparktc-b51e1b939ed4a044-exec-2'), ('59:26', 'sparktc-b51e1b939ed4a044-exec-3'), ('59:26', 'sparktc-b51e1b939ed4a044-exec-4'), ('59:26', 'sparktc-b51e1b939ed4a044-exec-5'), ('59:27', 'sparktc-b51e1b939ed4a044-exec-6'), ('59:27', 'sparktc-b51e1b939ed4a044-exec-7'), ('59:27', 'sparktc-b51e1b939ed4a044-exec-8'), ('59:35', 'sparktc-b51e1b939ed4a044-exec-1'), ('59:36', 'sparktc-b51e1b939ed4a044-exec-2'), ('59:36', 'sparktc-b51e1b939ed4a044-exec-3'), ('59:36', 'sparktc-b51e1b939ed4a044-exec-4'), ('59:36', 'sparktc-b51e1b939ed4a044-exec-5'), ('59:36', 'sparktc-b51e1b939ed4a044-exec-6'), ('59:37', 'sparktc-b51e1b939ed4a044-exec-7'), ('59:37', 'sparktc-b51e1b939ed4a044-exec-8'), ('59:45', 'sparktc-b51e1b939ed4a044-exec-1'), ('59:45', 'sparktc-b51e1b939ed4a044-exec-2'), ('59:46', 'sparktc-b51e1b939ed4a044-exec-3'), ('59:46', 'sparktc-b51e1b939ed4a044-exec-4'), ('59:46', 'sparktc-b51e1b939ed4a044-exec-5'), ('59:46', 'sparktc-b51e1b939ed4a044-exec-6'), ('59:47', 'sparktc-b51e1b939ed4a044-exec-7'), ('59:47', 'sparktc-b51e1b939ed4a044-exec-8'), ('59:54', 'sparktc-b51e1b939ed4a044-exec-1'), ('59:54', 'sparktc-b51e1b939ed4a044-exec-2'), ('59:54', 'sparktc-b51e1b939ed4a044-exec-3'), ('59:54', 'sparktc-b51e1b939ed4a044-exec-4'), ('59:55', 'sparktc-b51e1b939ed4a044-exec-5'), ('59:55', 'sparktc-b51e1b939ed4a044-exec-6'), ('59:55', 'sparktc-b51e1b939ed4a044-exec-7'), ('59:55', 'sparktc-b51e1b939ed4a044-exec-8'), ('00:03', 'sparktc-b51e1b939ed4a044-exec-1'), ('00:03', 'sparktc-b51e1b939ed4a044-exec-2'), ('00:03', 'sparktc-b51e1b939ed4a044-exec-3'), ('00:04', 'sparktc-b51e1b939ed4a044-exec-4'), ('00:04', 'sparktc-b51e1b939ed4a044-exec-5'), ('00:04', 'sparktc-b51e1b939ed4a044-exec-6'), ('00:05', 'sparktc-b51e1b939ed4a044-exec-7'), ('00:05', 'sparktc-b51e1b939ed4a044-exec-8'), ('00:12', 'sparktc-b51e1b939ed4a044-exec-1'), ('00:12', 'sparktc-b51e1b939ed4a044-exec-2'), ('00:12', 'sparktc-b51e1b939ed4a044-exec-3'), ('00:12', 'sparktc-b51e1b939ed4a044-exec-4'), ('00:12', 'sparktc-b51e1b939ed4a044-exec-5'), ('00:13', 'sparktc-b51e1b939ed4a044-exec-6'), ('00:13', 'sparktc-b51e1b939ed4a044-exec-7'), ('00:13', 'sparktc-b51e1b939ed4a044-exec-8'), ('00:20', 'sparktc-b51e1b939ed4a044-exec-1'), ('00:20', 'sparktc-b51e1b939ed4a044-exec-2'), ('00:20', 'sparktc-b51e1b939ed4a044-exec-3'), ('00:21', 'sparktc-b51e1b939ed4a044-exec-4'), ('00:21', 'sparktc-b51e1b939ed4a044-exec-5'), ('00:21', 'sparktc-b51e1b939ed4a044-exec-6'), ('00:21', 'sparktc-b51e1b939ed4a044-exec-7'), ('00:21', 'sparktc-b51e1b939ed4a044-exec-8'), ('00:28', 'sparktc-b51e1b939ed4a044-exec-1'), ('00:28', 'sparktc-b51e1b939ed4a044-exec-2'), ('00:29', 'sparktc-b51e1b939ed4a044-exec-3'), ('00:29', 'sparktc-b51e1b939ed4a044-exec-4'), ('00:29', 'sparktc-b51e1b939ed4a044-exec-5'), ('00:29', 'sparktc-b51e1b939ed4a044-exec-6'), ('00:30', 'sparktc-b51e1b939ed4a044-exec-7'), ('00:30', 'sparktc-b51e1b939ed4a044-exec-8'), ('00:37', 'sparktc-b51e1b939ed4a044-exec-1'), ('00:37', 'sparktc-b51e1b939ed4a044-exec-2'), ('00:37', 'sparktc-b51e1b939ed4a044-exec-3'), ('00:37', 'sparktc-b51e1b939ed4a044-exec-4'), ('00:38', 'sparktc-b51e1b939ed4a044-exec-5'), ('00:38', 'sparktc-b51e1b939ed4a044-exec-6'), ('00:38', 'sparktc-b51e1b939ed4a044-exec-7'), ('00:38', 'sparktc-b51e1b939ed4a044-exec-8'), ('00:46', 'sparktc-b51e1b939ed4a044-exec-1'), ('00:47', 'sparktc-b51e1b939ed4a044-exec-2'), ('00:47', 'sparktc-b51e1b939ed4a044-exec-3'), ('00:47', 'sparktc-b51e1b939ed4a044-exec-4'), ('00:47', 'sparktc-b51e1b939ed4a044-exec-5'), ('00:47', 'sparktc-b51e1b939ed4a044-exec-6'), ('00:48', 'sparktc-b51e1b939ed4a044-exec-7'), ('00:48', 'sparktc-b51e1b939ed4a044-exec-8')]"
22,2024-12-07 01:55:48.189486,2024-12-07 02:01:19.334481,1869.7676666666625,"[('56:12', 'sparktc-331d95939ed4bf44-exec-1'), ('56:17', 'sparktc-331d95939ed4bf44-exec-1'), ('56:23', 'sparktc-331d95939ed4bf44-exec-1'), ('56:29', 'sparktc-331d95939ed4bf44-exec-1'), ('56:29', 'sparktc-331d95939ed4bf44-exec-2'), ('56:36', 'sparktc-331d95939ed4bf44-exec-1'), ('56:36', 'sparktc-331d95939ed4bf44-exec-2'), ('56:37', 'sparktc-331d95939ed4bf44-exec-3'), ('56:37', 'sparktc-331d95939ed4bf44-exec-4'), ('56:37', 'sparktc-331d95939ed4bf44-exec-5'), ('56:44', 'sparktc-331d95939ed4bf44-exec-1'), ('56:45', 'sparktc-331d95939ed4bf44-exec-2'), ('56:45', 'sparktc-331d95939ed4bf44-exec-3'), ('56:45', 'sparktc-331d95939ed4bf44-exec-4'), ('56:45', 'sparktc-331d95939ed4bf44-exec-5'), ('56:46', 'sparktc-331d95939ed4bf44-exec-6'), ('56:46', 'sparktc-331d95939ed4bf44-exec-7'), ('56:46', 'sparktc-331d95939ed4bf44-exec-8'), ('56:53', 'sparktc-331d95939ed4bf44-exec-1'), ('56:54', 'sparktc-331d95939ed4bf44-exec-2'), ('56:54', 'sparktc-331d95939ed4bf44-exec-3'), ('56:54', 'sparktc-331d95939ed4bf44-exec-4'), ('56:54', 'sparktc-331d95939ed4bf44-exec-5'), ('56:54', 'sparktc-331d95939ed4bf44-exec-6'), ('56:55', 'sparktc-331d95939ed4bf44-exec-7'), ('56:55', 'sparktc-331d95939ed4bf44-exec-8'), ('57:03', 'sparktc-331d95939ed4bf44-exec-1'), ('57:04', 'sparktc-331d95939ed4bf44-exec-2'), ('57:04', 'sparktc-331d95939ed4bf44-exec-3'), ('57:04', 'sparktc-331d95939ed4bf44-exec-4'), ('57:04', 'sparktc-331d95939ed4bf44-exec-5'), ('57:05', 'sparktc-331d95939ed4bf44-exec-6'), ('57:05', 'sparktc-331d95939ed4bf44-exec-7'), ('57:05', 'sparktc-331d95939ed4bf44-exec-8'), ('57:12', 'sparktc-331d95939ed4bf44-exec-1'), ('57:12', 'sparktc-331d95939ed4bf44-exec-2'), ('57:13', 'sparktc-331d95939ed4bf44-exec-3'), ('57:13', 'sparktc-331d95939ed4bf44-exec-4'), ('57:13', 'sparktc-331d95939ed4bf44-exec-5'), ('57:13', 'sparktc-331d95939ed4bf44-exec-6'), ('57:14', 'sparktc-331d95939ed4bf44-exec-7'), ('57:14', 'sparktc-331d95939ed4bf44-exec-8'), ('57:21', 'sparktc-331d95939ed4bf44-exec-1'), ('57:21', 'sparktc-331d95939ed4bf44-exec-2'), ('57:21', 'sparktc-331d95939ed4bf44-exec-3'), ('57:22', 'sparktc-331d95939ed4bf44-exec-4'), ('57:22', 'sparktc-331d95939ed4bf44-exec-5'), ('57:22', 'sparktc-331d95939ed4bf44-exec-6'), ('57:22', 'sparktc-331d95939ed4bf44-exec-7'), ('57:22', 'sparktc-331d95939ed4bf44-exec-8'), ('57:29', 'sparktc-331d95939ed4bf44-exec-1'), ('57:29', 'sparktc-331d95939ed4bf44-exec-2'), ('57:29', 'sparktc-331d95939ed4bf44-exec-3'), ('57:30', 'sparktc-331d95939ed4bf44-exec-4'), ('57:30', 'sparktc-331d95939ed4bf44-exec-5'), ('57:30', 'sparktc-331d95939ed4bf44-exec-6'), ('57:30', 'sparktc-331d95939ed4bf44-exec-7'), ('57:31', 'sparktc-331d95939ed4bf44-exec-8'), ('57:37', 'sparktc-331d95939ed4bf44-exec-1'), ('57:37', 'sparktc-331d95939ed4bf44-exec-2'), ('57:38', 'sparktc-331d95939ed4bf44-exec-3'), ('57:38', 'sparktc-331d95939ed4bf44-exec-4'), ('57:38', 'sparktc-331d95939ed4bf44-exec-5'), ('57:38', 'sparktc-331d95939ed4bf44-exec-6'), ('57:38', 'sparktc-331d95939ed4bf44-exec-7'), ('57:39', 'sparktc-331d95939ed4bf44-exec-8'), ('57:45', 'sparktc-331d95939ed4bf44-exec-1'), ('57:46', 'sparktc-331d95939ed4bf44-exec-2'), ('57:46', 'sparktc-331d95939ed4bf44-exec-3'), ('57:46', 'sparktc-331d95939ed4bf44-exec-4'), ('57:46', 'sparktc-331d95939ed4bf44-exec-5'), ('57:46', 'sparktc-331d95939ed4bf44-exec-6'), ('57:47', 'sparktc-331d95939ed4bf44-exec-7'), ('57:47', 'sparktc-331d95939ed4bf44-exec-8'), ('57:54', 'sparktc-331d95939ed4bf44-exec-1'), ('57:54', 'sparktc-331d95939ed4bf44-exec-2'), ('57:54', 'sparktc-331d95939ed4bf44-exec-3'), ('57:54', 'sparktc-331d95939ed4bf44-exec-4'), ('57:55', 'sparktc-331d95939ed4bf44-exec-5'), ('57:55', 'sparktc-331d95939ed4bf44-exec-6'), ('57:55', 'sparktc-331d95939ed4bf44-exec-7'), ('57:55', 'sparktc-331d95939ed4bf44-exec-8'), ('58:03', 'sparktc-331d95939ed4bf44-exec-1'), ('58:03', 'sparktc-331d95939ed4bf44-exec-2'), ('58:04', 'sparktc-331d95939ed4bf44-exec-3'), ('58:04', 'sparktc-331d95939ed4bf44-exec-4'), ('58:04', 'sparktc-331d95939ed4bf44-exec-5'), ('58:04', 'sparktc-331d95939ed4bf44-exec-6'), ('58:05', 'sparktc-331d95939ed4bf44-exec-7'), ('58:05', 'sparktc-331d95939ed4bf44-exec-8'), ('58:13', 'sparktc-331d95939ed4bf44-exec-1'), ('58:13', 'sparktc-331d95939ed4bf44-exec-2'), ('58:13', 'sparktc-331d95939ed4bf44-exec-3'), ('58:14', 'sparktc-331d95939ed4bf44-exec-4'), ('58:14', 'sparktc-331d95939ed4bf44-exec-5'), ('58:14', 'sparktc-331d95939ed4bf44-exec-6'), ('58:14', 'sparktc-331d95939ed4bf44-exec-7'), ('58:15', 'sparktc-331d95939ed4bf44-exec-8'), ('58:23', 'sparktc-331d95939ed4bf44-exec-1'), ('58:23', 'sparktc-331d95939ed4bf44-exec-2'), ('58:23', 'sparktc-331d95939ed4bf44-exec-3'), ('58:23', 'sparktc-331d95939ed4bf44-exec-4'), ('58:24', 'sparktc-331d95939ed4bf44-exec-5'), ('58:24', 'sparktc-331d95939ed4bf44-exec-6'), ('58:24', 'sparktc-331d95939ed4bf44-exec-7'), ('58:24', 'sparktc-331d95939ed4bf44-exec-8'), ('58:32', 'sparktc-331d95939ed4bf44-exec-1'), ('58:33', 'sparktc-331d95939ed4bf44-exec-2'), ('58:33', 'sparktc-331d95939ed4bf44-exec-3'), ('58:33', 'sparktc-331d95939ed4bf44-exec-4'), ('58:33', 'sparktc-331d95939ed4bf44-exec-5'), ('58:34', 'sparktc-331d95939ed4bf44-exec-6'), ('58:34', 'sparktc-331d95939ed4bf44-exec-7'), ('58:34', 'sparktc-331d95939ed4bf44-exec-8'), ('58:42', 'sparktc-331d95939ed4bf44-exec-1'), ('58:43', 'sparktc-331d95939ed4bf44-exec-2'), ('58:43', 'sparktc-331d95939ed4bf44-exec-3'), ('58:43', 'sparktc-331d95939ed4bf44-exec-4'), ('58:43', 'sparktc-331d95939ed4bf44-exec-5'), ('58:43', 'sparktc-331d95939ed4bf44-exec-6'), ('58:44', 'sparktc-331d95939ed4bf44-exec-7'), ('58:44', 'sparktc-331d95939ed4bf44-exec-8'), ('58:52', 'sparktc-331d95939ed4bf44-exec-1'), ('58:52', 'sparktc-331d95939ed4bf44-exec-2'), ('58:53', 'sparktc-331d95939ed4bf44-exec-3'), ('58:53', 'sparktc-331d95939ed4bf44-exec-4'), ('58:53', 'sparktc-331d95939ed4bf44-exec-5'), ('58:53', 'sparktc-331d95939ed4bf44-exec-6'), ('58:53', 'sparktc-331d95939ed4bf44-exec-7'), ('58:54', 'sparktc-331d95939ed4bf44-exec-8'), ('59:02', 'sparktc-331d95939ed4bf44-exec-1'), ('59:03', 'sparktc-331d95939ed4bf44-exec-2'), ('59:03', 'sparktc-331d95939ed4bf44-exec-3'), ('59:03', 'sparktc-331d95939ed4bf44-exec-4'), ('59:03', 'sparktc-331d95939ed4bf44-exec-5'), ('59:03', 'sparktc-331d95939ed4bf44-exec-6'), ('59:04', 'sparktc-331d95939ed4bf44-exec-7'), ('59:04', 'sparktc-331d95939ed4bf44-exec-8'), ('59:12', 'sparktc-331d95939ed4bf44-exec-1'), ('59:12', 'sparktc-331d95939ed4bf44-exec-2'), ('59:12', 'sparktc-331d95939ed4bf44-exec-3'), ('59:13', 'sparktc-331d95939ed4bf44-exec-4'), ('59:13', 'sparktc-331d95939ed4bf44-exec-5'), ('59:13', 'sparktc-331d95939ed4bf44-exec-6'), ('59:13', 'sparktc-331d95939ed4bf44-exec-7'), ('59:14', 'sparktc-331d95939ed4bf44-exec-8'), ('59:22', 'sparktc-331d95939ed4bf44-exec-1'), ('59:22', 'sparktc-331d95939ed4bf44-exec-2'), ('59:22', 'sparktc-331d95939ed4bf44-exec-3'), ('59:23', 'sparktc-331d95939ed4bf44-exec-4'), ('59:23', 'sparktc-331d95939ed4bf44-exec-5'), ('59:23', 'sparktc-331d95939ed4bf44-exec-6'), ('59:23', 'sparktc-331d95939ed4bf44-exec-7'), ('59:23', 'sparktc-331d95939ed4bf44-exec-8'), ('59:32', 'sparktc-331d95939ed4bf44-exec-1'), ('59:32', 'sparktc-331d95939ed4bf44-exec-2'), ('59:32', 'sparktc-331d95939ed4bf44-exec-3'), ('59:33', 'sparktc-331d95939ed4bf44-exec-4'), ('59:33', 'sparktc-331d95939ed4bf44-exec-5'), ('59:33', 'sparktc-331d95939ed4bf44-exec-6'), ('59:33', 'sparktc-331d95939ed4bf44-exec-7'), ('59:33', 'sparktc-331d95939ed4bf44-exec-8'), ('59:42', 'sparktc-331d95939ed4bf44-exec-1'), ('59:42', 'sparktc-331d95939ed4bf44-exec-2'), ('59:42', 'sparktc-331d95939ed4bf44-exec-3'), ('59:42', 'sparktc-331d95939ed4bf44-exec-4'), ('59:43', 'sparktc-331d95939ed4bf44-exec-5'), ('59:43', 'sparktc-331d95939ed4bf44-exec-6'), ('59:43', 'sparktc-331d95939ed4bf44-exec-7'), ('59:43', 'sparktc-331d95939ed4bf44-exec-8'), ('59:50', 'sparktc-331d95939ed4bf44-exec-1'), ('59:50', 'sparktc-331d95939ed4bf44-exec-2'), ('59:51', 'sparktc-331d95939ed4bf44-exec-3'), ('59:51', 'sparktc-331d95939ed4bf44-exec-4'), ('59:51', 'sparktc-331d95939ed4bf44-exec-5'), ('59:51', 'sparktc-331d95939ed4bf44-exec-6'), ('59:52', 'sparktc-331d95939ed4bf44-exec-7'), ('59:52', 'sparktc-331d95939ed4bf44-exec-8'), ('59:59', 'sparktc-331d95939ed4bf44-exec-1'), ('59:59', 'sparktc-331d95939ed4bf44-exec-2'), ('00:00', 'sparktc-331d95939ed4bf44-exec-3'), ('00:00', 'sparktc-331d95939ed4bf44-exec-4'), ('00:00', 'sparktc-331d95939ed4bf44-exec-5'), ('00:00', 'sparktc-331d95939ed4bf44-exec-6'), ('00:01', 'sparktc-331d95939ed4bf44-exec-7'), ('00:01', 'sparktc-331d95939ed4bf44-exec-8'), ('00:08', 'sparktc-331d95939ed4bf44-exec-1'), ('00:08', 'sparktc-331d95939ed4bf44-exec-2'), ('00:09', 'sparktc-331d95939ed4bf44-exec-3'), ('00:09', 'sparktc-331d95939ed4bf44-exec-4'), ('00:09', 'sparktc-331d95939ed4bf44-exec-5'), ('00:09', 'sparktc-331d95939ed4bf44-exec-6'), ('00:09', 'sparktc-331d95939ed4bf44-exec-7'), ('00:10', 'sparktc-331d95939ed4bf44-exec-8'), ('00:16', 'sparktc-331d95939ed4bf44-exec-1'), ('00:16', 'sparktc-331d95939ed4bf44-exec-2'), ('00:17', 'sparktc-331d95939ed4bf44-exec-3'), ('00:17', 'sparktc-331d95939ed4bf44-exec-4'), ('00:17', 'sparktc-331d95939ed4bf44-exec-5'), ('00:17', 'sparktc-331d95939ed4bf44-exec-6'), ('00:17', 'sparktc-331d95939ed4bf44-exec-7'), ('00:18', 'sparktc-331d95939ed4bf44-exec-8'), ('00:25', 'sparktc-331d95939ed4bf44-exec-1'), ('00:25', 'sparktc-331d95939ed4bf44-exec-2'), ('00:25', 'sparktc-331d95939ed4bf44-exec-3'), ('00:25', 'sparktc-331d95939ed4bf44-exec-4'), ('00:25', 'sparktc-331d95939ed4bf44-exec-5'), ('00:26', 'sparktc-331d95939ed4bf44-exec-6'), ('00:26', 'sparktc-331d95939ed4bf44-exec-7'), ('00:26', 'sparktc-331d95939ed4bf44-exec-8'), ('00:33', 'sparktc-331d95939ed4bf44-exec-1'), ('00:33', 'sparktc-331d95939ed4bf44-exec-2'), ('00:33', 'sparktc-331d95939ed4bf44-exec-3'), ('00:33', 'sparktc-331d95939ed4bf44-exec-4'), ('00:34', 'sparktc-331d95939ed4bf44-exec-5'), ('00:34', 'sparktc-331d95939ed4bf44-exec-6'), ('00:34', 'sparktc-331d95939ed4bf44-exec-7'), ('00:34', 'sparktc-331d95939ed4bf44-exec-8'), ('00:41', 'sparktc-331d95939ed4bf44-exec-1'), ('00:42', 'sparktc-331d95939ed4bf44-exec-2'), ('00:42', 'sparktc-331d95939ed4bf44-exec-3'), ('00:42', 'sparktc-331d95939ed4bf44-exec-4'), ('00:42', 'sparktc-331d95939ed4bf44-exec-5'), ('00:43', 'sparktc-331d95939ed4bf44-exec-6'), ('00:43', 'sparktc-331d95939ed4bf44-exec-7'), ('00:43', 'sparktc-331d95939ed4bf44-exec-8'), ('00:51', 'sparktc-331d95939ed4bf44-exec-1'), ('00:51', 'sparktc-331d95939ed4bf44-exec-2'), ('00:51', 'sparktc-331d95939ed4bf44-exec-3'), ('00:52', 'sparktc-331d95939ed4bf44-exec-4'), ('00:52', 'sparktc-331d95939ed4bf44-exec-5'), ('00:52', 'sparktc-331d95939ed4bf44-exec-6'), ('00:52', 'sparktc-331d95939ed4bf44-exec-7'), ('00:53', 'sparktc-331d95939ed4bf44-exec-8'), ('01:02', 'sparktc-331d95939ed4bf44-exec-1'), ('01:02', 'sparktc-331d95939ed4bf44-exec-2'), ('01:03', 'sparktc-331d95939ed4bf44-exec-3'), ('01:03', 'sparktc-331d95939ed4bf44-exec-4'), ('01:03', 'sparktc-331d95939ed4bf44-exec-5'), ('01:03', 'sparktc-331d95939ed4bf44-exec-6'), ('01:03', 'sparktc-331d95939ed4bf44-exec-7'), ('01:04', 'sparktc-331d95939ed4bf44-exec-8'), ('01:11', 'sparktc-331d95939ed4bf44-exec-1'), ('01:11', 'sparktc-331d95939ed4bf44-exec-2'), ('01:11', 'sparktc-331d95939ed4bf44-exec-3'), ('01:11', 'sparktc-331d95939ed4bf44-exec-4'), ('01:12', 'sparktc-331d95939ed4bf44-exec-5'), ('01:12', 'sparktc-331d95939ed4bf44-exec-6'), ('01:12', 'sparktc-331d95939ed4bf44-exec-7'), ('01:12', 'sparktc-331d95939ed4bf44-exec-8')]"
23,2024-12-07 01:55:53.491510,2024-12-07 02:01:38.833776,1906.7526666666656,"[('56:18', 'sparktc-e3ffd9939ed4cf8a-exec-1'), ('56:24', 'sparktc-e3ffd9939ed4cf8a-exec-1'), ('56:31', 'sparktc-e3ffd9939ed4cf8a-exec-1'), ('56:39', 'sparktc-e3ffd9939ed4cf8a-exec-1'), ('56:39', 'sparktc-e3ffd9939ed4cf8a-exec-2'), ('56:48', 'sparktc-e3ffd9939ed4cf8a-exec-1'), ('56:48', 'sparktc-e3ffd9939ed4cf8a-exec-2'), ('56:48', 'sparktc-e3ffd9939ed4cf8a-exec-3'), ('56:49', 'sparktc-e3ffd9939ed4cf8a-exec-4'), ('56:57', 'sparktc-e3ffd9939ed4cf8a-exec-1'), ('56:57', 'sparktc-e3ffd9939ed4cf8a-exec-2'), ('56:57', 'sparktc-e3ffd9939ed4cf8a-exec-3'), ('56:57', 'sparktc-e3ffd9939ed4cf8a-exec-4'), ('56:58', 'sparktc-e3ffd9939ed4cf8a-exec-5'), ('56:58', 'sparktc-e3ffd9939ed4cf8a-exec-6'), ('56:58', 'sparktc-e3ffd9939ed4cf8a-exec-7'), ('56:58', 'sparktc-e3ffd9939ed4cf8a-exec-8'), ('57:07', 'sparktc-e3ffd9939ed4cf8a-exec-1'), ('57:07', 'sparktc-e3ffd9939ed4cf8a-exec-2'), ('57:07', 'sparktc-e3ffd9939ed4cf8a-exec-3'), ('57:08', 'sparktc-e3ffd9939ed4cf8a-exec-4'), ('57:08', 'sparktc-e3ffd9939ed4cf8a-exec-5'), ('57:08', 'sparktc-e3ffd9939ed4cf8a-exec-6'), ('57:08', 'sparktc-e3ffd9939ed4cf8a-exec-7'), ('57:08', 'sparktc-e3ffd9939ed4cf8a-exec-8'), ('57:16', 'sparktc-e3ffd9939ed4cf8a-exec-1'), ('57:16', 'sparktc-e3ffd9939ed4cf8a-exec-2'), ('57:17', 'sparktc-e3ffd9939ed4cf8a-exec-3'), ('57:17', 'sparktc-e3ffd9939ed4cf8a-exec-4'), ('57:17', 'sparktc-e3ffd9939ed4cf8a-exec-5'), ('57:17', 'sparktc-e3ffd9939ed4cf8a-exec-6'), ('57:17', 'sparktc-e3ffd9939ed4cf8a-exec-7'), ('57:18', 'sparktc-e3ffd9939ed4cf8a-exec-8'), ('57:24', 'sparktc-e3ffd9939ed4cf8a-exec-1'), ('57:25', 'sparktc-e3ffd9939ed4cf8a-exec-2'), ('57:25', 'sparktc-e3ffd9939ed4cf8a-exec-3'), ('57:25', 'sparktc-e3ffd9939ed4cf8a-exec-4'), ('57:25', 'sparktc-e3ffd9939ed4cf8a-exec-5'), ('57:25', 'sparktc-e3ffd9939ed4cf8a-exec-6'), ('57:26', 'sparktc-e3ffd9939ed4cf8a-exec-7'), ('57:26', 'sparktc-e3ffd9939ed4cf8a-exec-8'), ('57:32', 'sparktc-e3ffd9939ed4cf8a-exec-1'), ('57:33', 'sparktc-e3ffd9939ed4cf8a-exec-2'), ('57:33', 'sparktc-e3ffd9939ed4cf8a-exec-3'), ('57:33', 'sparktc-e3ffd9939ed4cf8a-exec-4'), ('57:33', 'sparktc-e3ffd9939ed4cf8a-exec-5'), ('57:34', 'sparktc-e3ffd9939ed4cf8a-exec-6'), ('57:34', 'sparktc-e3ffd9939ed4cf8a-exec-7'), ('57:34', 'sparktc-e3ffd9939ed4cf8a-exec-8'), ('57:41', 'sparktc-e3ffd9939ed4cf8a-exec-1'), ('57:41', 'sparktc-e3ffd9939ed4cf8a-exec-2'), ('57:41', 'sparktc-e3ffd9939ed4cf8a-exec-3'), ('57:41', 'sparktc-e3ffd9939ed4cf8a-exec-4'), ('57:42', 'sparktc-e3ffd9939ed4cf8a-exec-5'), ('57:42', 'sparktc-e3ffd9939ed4cf8a-exec-6'), ('57:42', 'sparktc-e3ffd9939ed4cf8a-exec-7'), ('57:42', 'sparktc-e3ffd9939ed4cf8a-exec-8'), ('57:49', 'sparktc-e3ffd9939ed4cf8a-exec-1'), ('57:49', 'sparktc-e3ffd9939ed4cf8a-exec-2'), ('57:49', 'sparktc-e3ffd9939ed4cf8a-exec-3'), ('57:50', 'sparktc-e3ffd9939ed4cf8a-exec-4'), ('57:50', 'sparktc-e3ffd9939ed4cf8a-exec-5'), ('57:50', 'sparktc-e3ffd9939ed4cf8a-exec-6'), ('57:50', 'sparktc-e3ffd9939ed4cf8a-exec-7'), ('57:51', 'sparktc-e3ffd9939ed4cf8a-exec-8'), ('57:59', 'sparktc-e3ffd9939ed4cf8a-exec-1'), ('57:59', 'sparktc-e3ffd9939ed4cf8a-exec-2'), ('57:59', 'sparktc-e3ffd9939ed4cf8a-exec-3'), ('57:59', 'sparktc-e3ffd9939ed4cf8a-exec-4'), ('58:00', 'sparktc-e3ffd9939ed4cf8a-exec-5'), ('58:00', 'sparktc-e3ffd9939ed4cf8a-exec-6'), ('58:00', 'sparktc-e3ffd9939ed4cf8a-exec-7'), ('58:00', 'sparktc-e3ffd9939ed4cf8a-exec-8'), ('58:08', 'sparktc-e3ffd9939ed4cf8a-exec-1'), ('58:09', 'sparktc-e3ffd9939ed4cf8a-exec-2'), ('58:09', 'sparktc-e3ffd9939ed4cf8a-exec-3'), ('58:09', 'sparktc-e3ffd9939ed4cf8a-exec-4'), ('58:09', 'sparktc-e3ffd9939ed4cf8a-exec-5'), ('58:09', 'sparktc-e3ffd9939ed4cf8a-exec-6'), ('58:10', 'sparktc-e3ffd9939ed4cf8a-exec-7'), ('58:10', 'sparktc-e3ffd9939ed4cf8a-exec-8'), ('58:18', 'sparktc-e3ffd9939ed4cf8a-exec-1'), ('58:18', 'sparktc-e3ffd9939ed4cf8a-exec-2'), ('58:19', 'sparktc-e3ffd9939ed4cf8a-exec-3'), ('58:19', 'sparktc-e3ffd9939ed4cf8a-exec-4'), ('58:19', 'sparktc-e3ffd9939ed4cf8a-exec-5'), ('58:19', 'sparktc-e3ffd9939ed4cf8a-exec-6'), ('58:19', 'sparktc-e3ffd9939ed4cf8a-exec-7'), ('58:20', 'sparktc-e3ffd9939ed4cf8a-exec-8'), ('58:28', 'sparktc-e3ffd9939ed4cf8a-exec-1'), ('58:28', 'sparktc-e3ffd9939ed4cf8a-exec-2'), ('58:28', 'sparktc-e3ffd9939ed4cf8a-exec-3'), ('58:28', 'sparktc-e3ffd9939ed4cf8a-exec-4'), ('58:29', 'sparktc-e3ffd9939ed4cf8a-exec-5'), ('58:29', 'sparktc-e3ffd9939ed4cf8a-exec-6'), ('58:29', 'sparktc-e3ffd9939ed4cf8a-exec-7'), ('58:29', 'sparktc-e3ffd9939ed4cf8a-exec-8'), ('58:38', 'sparktc-e3ffd9939ed4cf8a-exec-1'), ('58:38', 'sparktc-e3ffd9939ed4cf8a-exec-2'), ('58:38', 'sparktc-e3ffd9939ed4cf8a-exec-3'), ('58:38', 'sparktc-e3ffd9939ed4cf8a-exec-4'), ('58:39', 'sparktc-e3ffd9939ed4cf8a-exec-5'), ('58:39', 'sparktc-e3ffd9939ed4cf8a-exec-6'), ('58:39', 'sparktc-e3ffd9939ed4cf8a-exec-7'), ('58:39', 'sparktc-e3ffd9939ed4cf8a-exec-8'), ('58:47', 'sparktc-e3ffd9939ed4cf8a-exec-1'), ('58:48', 'sparktc-e3ffd9939ed4cf8a-exec-2'), ('58:48', 'sparktc-e3ffd9939ed4cf8a-exec-3'), ('58:48', 'sparktc-e3ffd9939ed4cf8a-exec-4'), ('58:48', 'sparktc-e3ffd9939ed4cf8a-exec-5'), ('58:49', 'sparktc-e3ffd9939ed4cf8a-exec-6'), ('58:49', 'sparktc-e3ffd9939ed4cf8a-exec-7'), ('58:49', 'sparktc-e3ffd9939ed4cf8a-exec-8'), ('58:58', 'sparktc-e3ffd9939ed4cf8a-exec-1'), ('58:58', 'sparktc-e3ffd9939ed4cf8a-exec-2'), ('58:58', 'sparktc-e3ffd9939ed4cf8a-exec-3'), ('58:58', 'sparktc-e3ffd9939ed4cf8a-exec-4'), ('58:58', 'sparktc-e3ffd9939ed4cf8a-exec-5'), ('58:59', 'sparktc-e3ffd9939ed4cf8a-exec-6'), ('58:59', 'sparktc-e3ffd9939ed4cf8a-exec-7'), ('58:59', 'sparktc-e3ffd9939ed4cf8a-exec-8'), ('59:07', 'sparktc-e3ffd9939ed4cf8a-exec-1'), ('59:08', 'sparktc-e3ffd9939ed4cf8a-exec-2'), ('59:08', 'sparktc-e3ffd9939ed4cf8a-exec-3'), ('59:08', 'sparktc-e3ffd9939ed4cf8a-exec-4'), ('59:08', 'sparktc-e3ffd9939ed4cf8a-exec-5'), ('59:08', 'sparktc-e3ffd9939ed4cf8a-exec-6'), ('59:09', 'sparktc-e3ffd9939ed4cf8a-exec-7'), ('59:09', 'sparktc-e3ffd9939ed4cf8a-exec-8'), ('59:17', 'sparktc-e3ffd9939ed4cf8a-exec-1'), ('59:17', 'sparktc-e3ffd9939ed4cf8a-exec-2'), ('59:18', 'sparktc-e3ffd9939ed4cf8a-exec-3'), ('59:18', 'sparktc-e3ffd9939ed4cf8a-exec-4'), ('59:18', 'sparktc-e3ffd9939ed4cf8a-exec-5'), ('59:18', 'sparktc-e3ffd9939ed4cf8a-exec-6'), ('59:19', 'sparktc-e3ffd9939ed4cf8a-exec-7'), ('59:19', 'sparktc-e3ffd9939ed4cf8a-exec-8'), ('59:27', 'sparktc-e3ffd9939ed4cf8a-exec-1'), ('59:27', 'sparktc-e3ffd9939ed4cf8a-exec-2'), ('59:28', 'sparktc-e3ffd9939ed4cf8a-exec-3'), ('59:28', 'sparktc-e3ffd9939ed4cf8a-exec-4'), ('59:28', 'sparktc-e3ffd9939ed4cf8a-exec-5'), ('59:28', 'sparktc-e3ffd9939ed4cf8a-exec-6'), ('59:29', 'sparktc-e3ffd9939ed4cf8a-exec-7'), ('59:29', 'sparktc-e3ffd9939ed4cf8a-exec-8'), ('59:37', 'sparktc-e3ffd9939ed4cf8a-exec-1'), ('59:37', 'sparktc-e3ffd9939ed4cf8a-exec-2'), ('59:38', 'sparktc-e3ffd9939ed4cf8a-exec-3'), ('59:38', 'sparktc-e3ffd9939ed4cf8a-exec-4'), ('59:38', 'sparktc-e3ffd9939ed4cf8a-exec-5'), ('59:38', 'sparktc-e3ffd9939ed4cf8a-exec-6'), ('59:38', 'sparktc-e3ffd9939ed4cf8a-exec-7'), ('59:39', 'sparktc-e3ffd9939ed4cf8a-exec-8'), ('59:47', 'sparktc-e3ffd9939ed4cf8a-exec-1'), ('59:47', 'sparktc-e3ffd9939ed4cf8a-exec-2'), ('59:48', 'sparktc-e3ffd9939ed4cf8a-exec-3'), ('59:48', 'sparktc-e3ffd9939ed4cf8a-exec-4'), ('59:48', 'sparktc-e3ffd9939ed4cf8a-exec-5'), ('59:48', 'sparktc-e3ffd9939ed4cf8a-exec-6'), ('59:48', 'sparktc-e3ffd9939ed4cf8a-exec-7'), ('59:49', 'sparktc-e3ffd9939ed4cf8a-exec-8'), ('59:55', 'sparktc-e3ffd9939ed4cf8a-exec-1'), ('59:56', 'sparktc-e3ffd9939ed4cf8a-exec-2'), ('59:56', 'sparktc-e3ffd9939ed4cf8a-exec-3'), ('59:56', 'sparktc-e3ffd9939ed4cf8a-exec-4'), ('59:56', 'sparktc-e3ffd9939ed4cf8a-exec-5'), ('59:56', 'sparktc-e3ffd9939ed4cf8a-exec-6'), ('59:57', 'sparktc-e3ffd9939ed4cf8a-exec-7'), ('59:57', 'sparktc-e3ffd9939ed4cf8a-exec-8'), ('00:05', 'sparktc-e3ffd9939ed4cf8a-exec-1'), ('00:05', 'sparktc-e3ffd9939ed4cf8a-exec-2'), ('00:06', 'sparktc-e3ffd9939ed4cf8a-exec-3'), ('00:06', 'sparktc-e3ffd9939ed4cf8a-exec-4'), ('00:06', 'sparktc-e3ffd9939ed4cf8a-exec-5'), ('00:06', 'sparktc-e3ffd9939ed4cf8a-exec-6'), ('00:06', 'sparktc-e3ffd9939ed4cf8a-exec-7'), ('00:07', 'sparktc-e3ffd9939ed4cf8a-exec-8'), ('00:13', 'sparktc-e3ffd9939ed4cf8a-exec-1'), ('00:13', 'sparktc-e3ffd9939ed4cf8a-exec-2'), ('00:14', 'sparktc-e3ffd9939ed4cf8a-exec-3'), ('00:14', 'sparktc-e3ffd9939ed4cf8a-exec-4'), ('00:14', 'sparktc-e3ffd9939ed4cf8a-exec-5'), ('00:14', 'sparktc-e3ffd9939ed4cf8a-exec-6'), ('00:14', 'sparktc-e3ffd9939ed4cf8a-exec-7'), ('00:15', 'sparktc-e3ffd9939ed4cf8a-exec-8'), ('00:22', 'sparktc-e3ffd9939ed4cf8a-exec-1'), ('00:22', 'sparktc-e3ffd9939ed4cf8a-exec-2'), ('00:22', 'sparktc-e3ffd9939ed4cf8a-exec-3'), ('00:22', 'sparktc-e3ffd9939ed4cf8a-exec-4'), ('00:23', 'sparktc-e3ffd9939ed4cf8a-exec-5'), ('00:23', 'sparktc-e3ffd9939ed4cf8a-exec-6'), ('00:23', 'sparktc-e3ffd9939ed4cf8a-exec-7'), ('00:23', 'sparktc-e3ffd9939ed4cf8a-exec-8'), ('00:30', 'sparktc-e3ffd9939ed4cf8a-exec-1'), ('00:30', 'sparktc-e3ffd9939ed4cf8a-exec-2'), ('00:30', 'sparktc-e3ffd9939ed4cf8a-exec-3'), ('00:31', 'sparktc-e3ffd9939ed4cf8a-exec-4'), ('00:31', 'sparktc-e3ffd9939ed4cf8a-exec-5'), ('00:31', 'sparktc-e3ffd9939ed4cf8a-exec-6'), ('00:31', 'sparktc-e3ffd9939ed4cf8a-exec-7'), ('00:32', 'sparktc-e3ffd9939ed4cf8a-exec-8'), ('00:39', 'sparktc-e3ffd9939ed4cf8a-exec-1'), ('00:39', 'sparktc-e3ffd9939ed4cf8a-exec-2'), ('00:39', 'sparktc-e3ffd9939ed4cf8a-exec-3'), ('00:39', 'sparktc-e3ffd9939ed4cf8a-exec-4'), ('00:39', 'sparktc-e3ffd9939ed4cf8a-exec-5'), ('00:40', 'sparktc-e3ffd9939ed4cf8a-exec-6'), ('00:40', 'sparktc-e3ffd9939ed4cf8a-exec-7'), ('00:40', 'sparktc-e3ffd9939ed4cf8a-exec-8'), ('00:48', 'sparktc-e3ffd9939ed4cf8a-exec-1'), ('00:48', 'sparktc-e3ffd9939ed4cf8a-exec-2'), ('00:49', 'sparktc-e3ffd9939ed4cf8a-exec-3'), ('00:49', 'sparktc-e3ffd9939ed4cf8a-exec-4'), ('00:49', 'sparktc-e3ffd9939ed4cf8a-exec-5'), ('00:49', 'sparktc-e3ffd9939ed4cf8a-exec-6'), ('00:49', 'sparktc-e3ffd9939ed4cf8a-exec-7'), ('00:50', 'sparktc-e3ffd9939ed4cf8a-exec-8'), ('00:59', 'sparktc-e3ffd9939ed4cf8a-exec-1'), ('00:59', 'sparktc-e3ffd9939ed4cf8a-exec-2'), ('00:59', 'sparktc-e3ffd9939ed4cf8a-exec-3'), ('00:59', 'sparktc-e3ffd9939ed4cf8a-exec-4'), ('00:59', 'sparktc-e3ffd9939ed4cf8a-exec-5'), ('01:00', 'sparktc-e3ffd9939ed4cf8a-exec-6'), ('01:00', 'sparktc-e3ffd9939ed4cf8a-exec-7'), ('01:00', 'sparktc-e3ffd9939ed4cf8a-exec-8'), ('01:08', 'sparktc-e3ffd9939ed4cf8a-exec-1'), ('01:08', 'sparktc-e3ffd9939ed4cf8a-exec-2'), ('01:08', 'sparktc-e3ffd9939ed4cf8a-exec-3'), ('01:08', 'sparktc-e3ffd9939ed4cf8a-exec-4'), ('01:09', 'sparktc-e3ffd9939ed4cf8a-exec-5'), ('01:09', 'sparktc-e3ffd9939ed4cf8a-exec-6'), ('01:09', 'sparktc-e3ffd9939ed4cf8a-exec-7'), ('01:09', 'sparktc-e3ffd9939ed4cf8a-exec-8'), ('01:16', 'sparktc-e3ffd9939ed4cf8a-exec-1'), ('01:16', 'sparktc-e3ffd9939ed4cf8a-exec-2'), ('01:17', 'sparktc-e3ffd9939ed4cf8a-exec-3'), ('01:17', 'sparktc-e3ffd9939ed4cf8a-exec-4'), ('01:17', 'sparktc-e3ffd9939ed4cf8a-exec-5'), ('01:17', 'sparktc-e3ffd9939ed4cf8a-exec-6'), ('01:18', 'sparktc-e3ffd9939ed4cf8a-exec-7'), ('01:18', 'sparktc-e3ffd9939ed4cf8a-exec-8'), ('01:24', 'sparktc-e3ffd9939ed4cf8a-exec-1'), ('01:24', 'sparktc-e3ffd9939ed4cf8a-exec-2'), ('01:24', 'sparktc-e3ffd9939ed4cf8a-exec-3'), ('01:24', 'sparktc-e3ffd9939ed4cf8a-exec-4'), ('01:25', 'sparktc-e3ffd9939ed4cf8a-exec-5'), ('01:25', 'sparktc-e3ffd9939ed4cf8a-exec-6'), ('01:25', 'sparktc-e3ffd9939ed4cf8a-exec-7'), ('01:26', 'sparktc-e3ffd9939ed4cf8a-exec-8'), ('01:31', 'sparktc-e3ffd9939ed4cf8a-exec-1'), ('01:31', 'sparktc-e3ffd9939ed4cf8a-exec-2'), ('01:31', 'sparktc-e3ffd9939ed4cf8a-exec-3'), ('01:31', 'sparktc-e3ffd9939ed4cf8a-exec-4'), ('01:32', 'sparktc-e3ffd9939ed4cf8a-exec-5'), ('01:32', 'sparktc-e3ffd9939ed4cf8a-exec-7'), ('01:32', 'sparktc-e3ffd9939ed4cf8a-exec-8')]"
24,2024-12-07 01:57:09.895914,2024-12-07 02:02:15.287818,1763.1193333333404,"[('57:39', 'sparktc-3670e8939ed5f4ed-exec-1'), ('57:47', 'sparktc-3670e8939ed5f4ed-exec-1'), ('57:56', 'sparktc-3670e8939ed5f4ed-exec-1'), ('57:56', 'sparktc-3670e8939ed5f4ed-exec-2'), ('57:56', 'sparktc-3670e8939ed5f4ed-exec-3'), ('57:56', 'sparktc-3670e8939ed5f4ed-exec-4'), ('57:57', 'sparktc-3670e8939ed5f4ed-exec-5'), ('57:57', 'sparktc-3670e8939ed5f4ed-exec-6'), ('58:05', 'sparktc-3670e8939ed5f4ed-exec-1'), ('58:05', 'sparktc-3670e8939ed5f4ed-exec-2'), ('58:05', 'sparktc-3670e8939ed5f4ed-exec-3'), ('58:06', 'sparktc-3670e8939ed5f4ed-exec-4'), ('58:06', 'sparktc-3670e8939ed5f4ed-exec-5'), ('58:06', 'sparktc-3670e8939ed5f4ed-exec-6'), ('58:06', 'sparktc-3670e8939ed5f4ed-exec-7'), ('58:07', 'sparktc-3670e8939ed5f4ed-exec-8'), ('58:15', 'sparktc-3670e8939ed5f4ed-exec-1'), ('58:15', 'sparktc-3670e8939ed5f4ed-exec-2'), ('58:15', 'sparktc-3670e8939ed5f4ed-exec-3'), ('58:15', 'sparktc-3670e8939ed5f4ed-exec-4'), ('58:16', 'sparktc-3670e8939ed5f4ed-exec-5'), ('58:16', 'sparktc-3670e8939ed5f4ed-exec-6'), ('58:16', 'sparktc-3670e8939ed5f4ed-exec-7'), ('58:16', 'sparktc-3670e8939ed5f4ed-exec-8'), ('58:24', 'sparktc-3670e8939ed5f4ed-exec-1'), ('58:25', 'sparktc-3670e8939ed5f4ed-exec-2'), ('58:25', 'sparktc-3670e8939ed5f4ed-exec-3'), ('58:25', 'sparktc-3670e8939ed5f4ed-exec-4'), ('58:25', 'sparktc-3670e8939ed5f4ed-exec-5'), ('58:25', 'sparktc-3670e8939ed5f4ed-exec-6'), ('58:26', 'sparktc-3670e8939ed5f4ed-exec-7'), ('58:26', 'sparktc-3670e8939ed5f4ed-exec-8'), ('58:34', 'sparktc-3670e8939ed5f4ed-exec-1'), ('58:34', 'sparktc-3670e8939ed5f4ed-exec-2'), ('58:35', 'sparktc-3670e8939ed5f4ed-exec-3'), ('58:35', 'sparktc-3670e8939ed5f4ed-exec-4'), ('58:35', 'sparktc-3670e8939ed5f4ed-exec-5'), ('58:35', 'sparktc-3670e8939ed5f4ed-exec-6'), ('58:36', 'sparktc-3670e8939ed5f4ed-exec-7'), ('58:36', 'sparktc-3670e8939ed5f4ed-exec-8'), ('58:44', 'sparktc-3670e8939ed5f4ed-exec-1'), ('58:44', 'sparktc-3670e8939ed5f4ed-exec-2'), ('58:45', 'sparktc-3670e8939ed5f4ed-exec-3'), ('58:45', 'sparktc-3670e8939ed5f4ed-exec-4'), ('58:45', 'sparktc-3670e8939ed5f4ed-exec-5'), ('58:45', 'sparktc-3670e8939ed5f4ed-exec-6'), ('58:45', 'sparktc-3670e8939ed5f4ed-exec-7'), ('58:46', 'sparktc-3670e8939ed5f4ed-exec-8'), ('58:54', 'sparktc-3670e8939ed5f4ed-exec-1'), ('58:54', 'sparktc-3670e8939ed5f4ed-exec-2'), ('58:54', 'sparktc-3670e8939ed5f4ed-exec-3'), ('58:55', 'sparktc-3670e8939ed5f4ed-exec-4'), ('58:55', 'sparktc-3670e8939ed5f4ed-exec-5'), ('58:55', 'sparktc-3670e8939ed5f4ed-exec-6'), ('58:55', 'sparktc-3670e8939ed5f4ed-exec-7'), ('58:55', 'sparktc-3670e8939ed5f4ed-exec-8'), ('59:04', 'sparktc-3670e8939ed5f4ed-exec-1'), ('59:04', 'sparktc-3670e8939ed5f4ed-exec-2'), ('59:04', 'sparktc-3670e8939ed5f4ed-exec-3'), ('59:05', 'sparktc-3670e8939ed5f4ed-exec-4'), ('59:05', 'sparktc-3670e8939ed5f4ed-exec-5'), ('59:05', 'sparktc-3670e8939ed5f4ed-exec-6'), ('59:05', 'sparktc-3670e8939ed5f4ed-exec-7'), ('59:05', 'sparktc-3670e8939ed5f4ed-exec-8'), ('59:14', 'sparktc-3670e8939ed5f4ed-exec-1'), ('59:14', 'sparktc-3670e8939ed5f4ed-exec-2'), ('59:14', 'sparktc-3670e8939ed5f4ed-exec-3'), ('59:14', 'sparktc-3670e8939ed5f4ed-exec-4'), ('59:15', 'sparktc-3670e8939ed5f4ed-exec-5'), ('59:15', 'sparktc-3670e8939ed5f4ed-exec-6'), ('59:15', 'sparktc-3670e8939ed5f4ed-exec-7'), ('59:15', 'sparktc-3670e8939ed5f4ed-exec-8'), ('59:24', 'sparktc-3670e8939ed5f4ed-exec-1'), ('59:24', 'sparktc-3670e8939ed5f4ed-exec-2'), ('59:24', 'sparktc-3670e8939ed5f4ed-exec-3'), ('59:24', 'sparktc-3670e8939ed5f4ed-exec-4'), ('59:25', 'sparktc-3670e8939ed5f4ed-exec-5'), ('59:25', 'sparktc-3670e8939ed5f4ed-exec-6'), ('59:25', 'sparktc-3670e8939ed5f4ed-exec-7'), ('59:25', 'sparktc-3670e8939ed5f4ed-exec-8'), ('59:34', 'sparktc-3670e8939ed5f4ed-exec-1'), ('59:34', 'sparktc-3670e8939ed5f4ed-exec-2'), ('59:34', 'sparktc-3670e8939ed5f4ed-exec-3'), ('59:34', 'sparktc-3670e8939ed5f4ed-exec-4'), ('59:35', 'sparktc-3670e8939ed5f4ed-exec-5'), ('59:35', 'sparktc-3670e8939ed5f4ed-exec-6'), ('59:35', 'sparktc-3670e8939ed5f4ed-exec-7'), ('59:35', 'sparktc-3670e8939ed5f4ed-exec-8'), ('59:44', 'sparktc-3670e8939ed5f4ed-exec-1'), ('59:44', 'sparktc-3670e8939ed5f4ed-exec-2'), ('59:44', 'sparktc-3670e8939ed5f4ed-exec-3'), ('59:44', 'sparktc-3670e8939ed5f4ed-exec-4'), ('59:44', 'sparktc-3670e8939ed5f4ed-exec-5'), ('59:45', 'sparktc-3670e8939ed5f4ed-exec-6'), ('59:45', 'sparktc-3670e8939ed5f4ed-exec-7'), ('59:45', 'sparktc-3670e8939ed5f4ed-exec-8'), ('59:52', 'sparktc-3670e8939ed5f4ed-exec-1'), ('59:52', 'sparktc-3670e8939ed5f4ed-exec-2'), ('59:52', 'sparktc-3670e8939ed5f4ed-exec-3'), ('59:53', 'sparktc-3670e8939ed5f4ed-exec-4'), ('59:53', 'sparktc-3670e8939ed5f4ed-exec-5'), ('59:53', 'sparktc-3670e8939ed5f4ed-exec-6'), ('59:53', 'sparktc-3670e8939ed5f4ed-exec-7'), ('59:53', 'sparktc-3670e8939ed5f4ed-exec-8'), ('00:01', 'sparktc-3670e8939ed5f4ed-exec-1'), ('00:01', 'sparktc-3670e8939ed5f4ed-exec-2'), ('00:01', 'sparktc-3670e8939ed5f4ed-exec-3'), ('00:02', 'sparktc-3670e8939ed5f4ed-exec-4'), ('00:02', 'sparktc-3670e8939ed5f4ed-exec-5'), ('00:02', 'sparktc-3670e8939ed5f4ed-exec-6'), ('00:02', 'sparktc-3670e8939ed5f4ed-exec-7'), ('00:03', 'sparktc-3670e8939ed5f4ed-exec-8'), ('00:10', 'sparktc-3670e8939ed5f4ed-exec-1'), ('00:10', 'sparktc-3670e8939ed5f4ed-exec-2'), ('00:10', 'sparktc-3670e8939ed5f4ed-exec-3'), ('00:11', 'sparktc-3670e8939ed5f4ed-exec-4'), ('00:11', 'sparktc-3670e8939ed5f4ed-exec-5'), ('00:11', 'sparktc-3670e8939ed5f4ed-exec-6'), ('00:11', 'sparktc-3670e8939ed5f4ed-exec-7'), ('00:11', 'sparktc-3670e8939ed5f4ed-exec-8'), ('00:18', 'sparktc-3670e8939ed5f4ed-exec-1'), ('00:18', 'sparktc-3670e8939ed5f4ed-exec-2'), ('00:18', 'sparktc-3670e8939ed5f4ed-exec-3'), ('00:19', 'sparktc-3670e8939ed5f4ed-exec-4'), ('00:19', 'sparktc-3670e8939ed5f4ed-exec-5'), ('00:19', 'sparktc-3670e8939ed5f4ed-exec-6'), ('00:19', 'sparktc-3670e8939ed5f4ed-exec-7'), ('00:19', 'sparktc-3670e8939ed5f4ed-exec-8'), ('00:26', 'sparktc-3670e8939ed5f4ed-exec-1'), ('00:27', 'sparktc-3670e8939ed5f4ed-exec-2'), ('00:27', 'sparktc-3670e8939ed5f4ed-exec-3'), ('00:27', 'sparktc-3670e8939ed5f4ed-exec-4'), ('00:27', 'sparktc-3670e8939ed5f4ed-exec-5'), ('00:27', 'sparktc-3670e8939ed5f4ed-exec-6'), ('00:28', 'sparktc-3670e8939ed5f4ed-exec-7'), ('00:28', 'sparktc-3670e8939ed5f4ed-exec-8'), ('00:35', 'sparktc-3670e8939ed5f4ed-exec-1'), ('00:35', 'sparktc-3670e8939ed5f4ed-exec-2'), ('00:35', 'sparktc-3670e8939ed5f4ed-exec-3'), ('00:35', 'sparktc-3670e8939ed5f4ed-exec-4'), ('00:36', 'sparktc-3670e8939ed5f4ed-exec-5'), ('00:36', 'sparktc-3670e8939ed5f4ed-exec-6'), ('00:36', 'sparktc-3670e8939ed5f4ed-exec-7'), ('00:36', 'sparktc-3670e8939ed5f4ed-exec-8'), ('00:43', 'sparktc-3670e8939ed5f4ed-exec-1'), ('00:43', 'sparktc-3670e8939ed5f4ed-exec-2'), ('00:44', 'sparktc-3670e8939ed5f4ed-exec-3'), ('00:44', 'sparktc-3670e8939ed5f4ed-exec-4'), ('00:44', 'sparktc-3670e8939ed5f4ed-exec-5'), ('00:44', 'sparktc-3670e8939ed5f4ed-exec-6'), ('00:44', 'sparktc-3670e8939ed5f4ed-exec-7'), ('00:45', 'sparktc-3670e8939ed5f4ed-exec-8'), ('00:53', 'sparktc-3670e8939ed5f4ed-exec-1'), ('00:53', 'sparktc-3670e8939ed5f4ed-exec-2'), ('00:53', 'sparktc-3670e8939ed5f4ed-exec-3'), ('00:54', 'sparktc-3670e8939ed5f4ed-exec-4'), ('00:54', 'sparktc-3670e8939ed5f4ed-exec-5'), ('00:54', 'sparktc-3670e8939ed5f4ed-exec-6'), ('00:54', 'sparktc-3670e8939ed5f4ed-exec-7'), ('00:55', 'sparktc-3670e8939ed5f4ed-exec-8'), ('01:04', 'sparktc-3670e8939ed5f4ed-exec-1'), ('01:04', 'sparktc-3670e8939ed5f4ed-exec-2'), ('01:04', 'sparktc-3670e8939ed5f4ed-exec-3'), ('01:05', 'sparktc-3670e8939ed5f4ed-exec-4'), ('01:05', 'sparktc-3670e8939ed5f4ed-exec-5'), ('01:05', 'sparktc-3670e8939ed5f4ed-exec-6'), ('01:05', 'sparktc-3670e8939ed5f4ed-exec-7'), ('01:06', 'sparktc-3670e8939ed5f4ed-exec-8'), ('01:12', 'sparktc-3670e8939ed5f4ed-exec-1'), ('01:13', 'sparktc-3670e8939ed5f4ed-exec-2'), ('01:13', 'sparktc-3670e8939ed5f4ed-exec-3'), ('01:13', 'sparktc-3670e8939ed5f4ed-exec-4'), ('01:13', 'sparktc-3670e8939ed5f4ed-exec-5'), ('01:14', 'sparktc-3670e8939ed5f4ed-exec-6'), ('01:14', 'sparktc-3670e8939ed5f4ed-exec-7'), ('01:14', 'sparktc-3670e8939ed5f4ed-exec-8'), ('01:20', 'sparktc-3670e8939ed5f4ed-exec-1'), ('01:20', 'sparktc-3670e8939ed5f4ed-exec-2'), ('01:20', 'sparktc-3670e8939ed5f4ed-exec-3'), ('01:20', 'sparktc-3670e8939ed5f4ed-exec-4'), ('01:21', 'sparktc-3670e8939ed5f4ed-exec-5'), ('01:21', 'sparktc-3670e8939ed5f4ed-exec-6'), ('01:21', 'sparktc-3670e8939ed5f4ed-exec-7'), ('01:21', 'sparktc-3670e8939ed5f4ed-exec-8'), ('01:27', 'sparktc-3670e8939ed5f4ed-exec-1'), ('01:27', 'sparktc-3670e8939ed5f4ed-exec-2'), ('01:27', 'sparktc-3670e8939ed5f4ed-exec-3'), ('01:28', 'sparktc-3670e8939ed5f4ed-exec-4'), ('01:28', 'sparktc-3670e8939ed5f4ed-exec-5'), ('01:28', 'sparktc-3670e8939ed5f4ed-exec-6'), ('01:28', 'sparktc-3670e8939ed5f4ed-exec-7'), ('01:28', 'sparktc-3670e8939ed5f4ed-exec-8'), ('01:34', 'sparktc-3670e8939ed5f4ed-exec-1'), ('01:34', 'sparktc-3670e8939ed5f4ed-exec-2'), ('01:34', 'sparktc-3670e8939ed5f4ed-exec-3'), ('01:35', 'sparktc-3670e8939ed5f4ed-exec-4'), ('01:35', 'sparktc-3670e8939ed5f4ed-exec-5'), ('01:35', 'sparktc-3670e8939ed5f4ed-exec-6'), ('01:35', 'sparktc-3670e8939ed5f4ed-exec-7'), ('01:35', 'sparktc-3670e8939ed5f4ed-exec-8'), ('01:39', 'sparktc-3670e8939ed5f4ed-exec-1'), ('01:40', 'sparktc-3670e8939ed5f4ed-exec-2'), ('01:40', 'sparktc-3670e8939ed5f4ed-exec-3'), ('01:40', 'sparktc-3670e8939ed5f4ed-exec-4'), ('01:40', 'sparktc-3670e8939ed5f4ed-exec-5'), ('01:41', 'sparktc-3670e8939ed5f4ed-exec-6'), ('01:41', 'sparktc-3670e8939ed5f4ed-exec-7'), ('01:41', 'sparktc-3670e8939ed5f4ed-exec-8'), ('01:46', 'sparktc-3670e8939ed5f4ed-exec-1'), ('01:46', 'sparktc-3670e8939ed5f4ed-exec-2'), ('01:46', 'sparktc-3670e8939ed5f4ed-exec-3'), ('01:47', 'sparktc-3670e8939ed5f4ed-exec-4'), ('01:47', 'sparktc-3670e8939ed5f4ed-exec-5'), ('01:47', 'sparktc-3670e8939ed5f4ed-exec-6'), ('01:47', 'sparktc-3670e8939ed5f4ed-exec-7'), ('01:48', 'sparktc-3670e8939ed5f4ed-exec-8'), ('01:52', 'sparktc-3670e8939ed5f4ed-exec-1'), ('01:52', 'sparktc-3670e8939ed5f4ed-exec-2'), ('01:53', 'sparktc-3670e8939ed5f4ed-exec-3'), ('01:53', 'sparktc-3670e8939ed5f4ed-exec-4'), ('01:53', 'sparktc-3670e8939ed5f4ed-exec-5'), ('01:53', 'sparktc-3670e8939ed5f4ed-exec-6'), ('01:54', 'sparktc-3670e8939ed5f4ed-exec-7'), ('01:54', 'sparktc-3670e8939ed5f4ed-exec-8'), ('01:59', 'sparktc-3670e8939ed5f4ed-exec-1'), ('01:59', 'sparktc-3670e8939ed5f4ed-exec-2'), ('02:00', 'sparktc-3670e8939ed5f4ed-exec-3'), ('02:00', 'sparktc-3670e8939ed5f4ed-exec-4'), ('02:00', 'sparktc-3670e8939ed5f4ed-exec-5'), ('02:00', 'sparktc-3670e8939ed5f4ed-exec-6'), ('02:00', 'sparktc-3670e8939ed5f4ed-exec-7'), ('02:01', 'sparktc-3670e8939ed5f4ed-exec-8'), ('02:07', 'sparktc-3670e8939ed5f4ed-exec-1'), ('02:07', 'sparktc-3670e8939ed5f4ed-exec-2'), ('02:07', 'sparktc-3670e8939ed5f4ed-exec-3'), ('02:07', 'sparktc-3670e8939ed5f4ed-exec-4'), ('02:08', 'sparktc-3670e8939ed5f4ed-exec-5'), ('02:08', 'sparktc-3670e8939ed5f4ed-exec-6'), ('02:08', 'sparktc-3670e8939ed5f4ed-exec-7'), ('02:08', 'sparktc-3670e8939ed5f4ed-exec-8')]"
25,2024-12-07 01:59:58.357206,2024-12-07 02:05:02.439428,1711.6320000000017,"[('00:20', 'sparktc-8880bc939ed88737-exec-1'), ('00:28', 'sparktc-8880bc939ed88737-exec-1'), ('00:36', 'sparktc-8880bc939ed88737-exec-1'), ('00:37', 'sparktc-8880bc939ed88737-exec-2'), ('00:45', 'sparktc-8880bc939ed88737-exec-1'), ('00:45', 'sparktc-8880bc939ed88737-exec-2'), ('00:45', 'sparktc-8880bc939ed88737-exec-3'), ('00:46', 'sparktc-8880bc939ed88737-exec-4'), ('00:46', 'sparktc-8880bc939ed88737-exec-5'), ('00:46', 'sparktc-8880bc939ed88737-exec-6'), ('00:46', 'sparktc-8880bc939ed88737-exec-7'), ('00:55', 'sparktc-8880bc939ed88737-exec-1'), ('00:55', 'sparktc-8880bc939ed88737-exec-2'), ('00:55', 'sparktc-8880bc939ed88737-exec-3'), ('00:56', 'sparktc-8880bc939ed88737-exec-4'), ('00:56', 'sparktc-8880bc939ed88737-exec-5'), ('00:56', 'sparktc-8880bc939ed88737-exec-6'), ('00:56', 'sparktc-8880bc939ed88737-exec-7'), ('00:56', 'sparktc-8880bc939ed88737-exec-8'), ('01:06', 'sparktc-8880bc939ed88737-exec-1'), ('01:06', 'sparktc-8880bc939ed88737-exec-2'), ('01:06', 'sparktc-8880bc939ed88737-exec-3'), ('01:07', 'sparktc-8880bc939ed88737-exec-4'), ('01:07', 'sparktc-8880bc939ed88737-exec-5'), ('01:07', 'sparktc-8880bc939ed88737-exec-6'), ('01:07', 'sparktc-8880bc939ed88737-exec-7'), ('01:08', 'sparktc-8880bc939ed88737-exec-8'), ('01:14', 'sparktc-8880bc939ed88737-exec-1'), ('01:15', 'sparktc-8880bc939ed88737-exec-2'), ('01:15', 'sparktc-8880bc939ed88737-exec-3'), ('01:15', 'sparktc-8880bc939ed88737-exec-4'), ('01:15', 'sparktc-8880bc939ed88737-exec-5'), ('01:15', 'sparktc-8880bc939ed88737-exec-6'), ('01:16', 'sparktc-8880bc939ed88737-exec-7'), ('01:16', 'sparktc-8880bc939ed88737-exec-8'), ('01:22', 'sparktc-8880bc939ed88737-exec-1'), ('01:22', 'sparktc-8880bc939ed88737-exec-2'), ('01:22', 'sparktc-8880bc939ed88737-exec-3'), ('01:22', 'sparktc-8880bc939ed88737-exec-4'), ('01:23', 'sparktc-8880bc939ed88737-exec-5'), ('01:23', 'sparktc-8880bc939ed88737-exec-6'), ('01:23', 'sparktc-8880bc939ed88737-exec-7'), ('01:23', 'sparktc-8880bc939ed88737-exec-8'), ('01:29', 'sparktc-8880bc939ed88737-exec-1'), ('01:29', 'sparktc-8880bc939ed88737-exec-2'), ('01:29', 'sparktc-8880bc939ed88737-exec-3'), ('01:29', 'sparktc-8880bc939ed88737-exec-4'), ('01:29', 'sparktc-8880bc939ed88737-exec-5'), ('01:30', 'sparktc-8880bc939ed88737-exec-6'), ('01:30', 'sparktc-8880bc939ed88737-exec-7'), ('01:30', 'sparktc-8880bc939ed88737-exec-8'), ('01:36', 'sparktc-8880bc939ed88737-exec-1'), ('01:36', 'sparktc-8880bc939ed88737-exec-2'), ('01:36', 'sparktc-8880bc939ed88737-exec-3'), ('01:36', 'sparktc-8880bc939ed88737-exec-4'), ('01:37', 'sparktc-8880bc939ed88737-exec-5'), ('01:37', 'sparktc-8880bc939ed88737-exec-6'), ('01:37', 'sparktc-8880bc939ed88737-exec-7'), ('01:37', 'sparktc-8880bc939ed88737-exec-8'), ('01:41', 'sparktc-8880bc939ed88737-exec-1'), ('01:42', 'sparktc-8880bc939ed88737-exec-2'), ('01:42', 'sparktc-8880bc939ed88737-exec-3'), ('01:42', 'sparktc-8880bc939ed88737-exec-4'), ('01:43', 'sparktc-8880bc939ed88737-exec-5'), ('01:43', 'sparktc-8880bc939ed88737-exec-6'), ('01:43', 'sparktc-8880bc939ed88737-exec-7'), ('01:43', 'sparktc-8880bc939ed88737-exec-8'), ('01:48', 'sparktc-8880bc939ed88737-exec-1'), ('01:48', 'sparktc-8880bc939ed88737-exec-2'), ('01:48', 'sparktc-8880bc939ed88737-exec-3'), ('01:48', 'sparktc-8880bc939ed88737-exec-4'), ('01:49', 'sparktc-8880bc939ed88737-exec-5'), ('01:49', 'sparktc-8880bc939ed88737-exec-6'), ('01:49', 'sparktc-8880bc939ed88737-exec-7'), ('01:49', 'sparktc-8880bc939ed88737-exec-8'), ('01:54', 'sparktc-8880bc939ed88737-exec-1'), ('01:54', 'sparktc-8880bc939ed88737-exec-2'), ('01:55', 'sparktc-8880bc939ed88737-exec-3'), ('01:55', 'sparktc-8880bc939ed88737-exec-4'), ('01:55', 'sparktc-8880bc939ed88737-exec-5'), ('01:55', 'sparktc-8880bc939ed88737-exec-6'), ('01:55', 'sparktc-8880bc939ed88737-exec-7'), ('01:56', 'sparktc-8880bc939ed88737-exec-8'), ('02:01', 'sparktc-8880bc939ed88737-exec-1'), ('02:01', 'sparktc-8880bc939ed88737-exec-2'), ('02:01', 'sparktc-8880bc939ed88737-exec-3'), ('02:02', 'sparktc-8880bc939ed88737-exec-4'), ('02:02', 'sparktc-8880bc939ed88737-exec-5'), ('02:02', 'sparktc-8880bc939ed88737-exec-6'), ('02:02', 'sparktc-8880bc939ed88737-exec-7'), ('02:02', 'sparktc-8880bc939ed88737-exec-8'), ('02:08', 'sparktc-8880bc939ed88737-exec-1'), ('02:09', 'sparktc-8880bc939ed88737-exec-2'), ('02:09', 'sparktc-8880bc939ed88737-exec-3'), ('02:09', 'sparktc-8880bc939ed88737-exec-4'), ('02:09', 'sparktc-8880bc939ed88737-exec-5'), ('02:09', 'sparktc-8880bc939ed88737-exec-6'), ('02:10', 'sparktc-8880bc939ed88737-exec-7'), ('02:10', 'sparktc-8880bc939ed88737-exec-8'), ('02:16', 'sparktc-8880bc939ed88737-exec-1'), ('02:17', 'sparktc-8880bc939ed88737-exec-2'), ('02:17', 'sparktc-8880bc939ed88737-exec-3'), ('02:17', 'sparktc-8880bc939ed88737-exec-4'), ('02:17', 'sparktc-8880bc939ed88737-exec-5'), ('02:17', 'sparktc-8880bc939ed88737-exec-6'), ('02:18', 'sparktc-8880bc939ed88737-exec-7'), ('02:18', 'sparktc-8880bc939ed88737-exec-8'), ('02:25', 'sparktc-8880bc939ed88737-exec-1'), ('02:25', 'sparktc-8880bc939ed88737-exec-2'), ('02:25', 'sparktc-8880bc939ed88737-exec-3'), ('02:25', 'sparktc-8880bc939ed88737-exec-4'), ('02:25', 'sparktc-8880bc939ed88737-exec-5'), ('02:26', 'sparktc-8880bc939ed88737-exec-6'), ('02:26', 'sparktc-8880bc939ed88737-exec-7'), ('02:26', 'sparktc-8880bc939ed88737-exec-8'), ('02:33', 'sparktc-8880bc939ed88737-exec-1'), ('02:33', 'sparktc-8880bc939ed88737-exec-2'), ('02:33', 'sparktc-8880bc939ed88737-exec-3'), ('02:33', 'sparktc-8880bc939ed88737-exec-4'), ('02:33', 'sparktc-8880bc939ed88737-exec-5'), ('02:34', 'sparktc-8880bc939ed88737-exec-6'), ('02:34', 'sparktc-8880bc939ed88737-exec-7'), ('02:34', 'sparktc-8880bc939ed88737-exec-8'), ('02:40', 'sparktc-8880bc939ed88737-exec-1'), ('02:41', 'sparktc-8880bc939ed88737-exec-2'), ('02:41', 'sparktc-8880bc939ed88737-exec-3'), ('02:41', 'sparktc-8880bc939ed88737-exec-4'), ('02:41', 'sparktc-8880bc939ed88737-exec-5'), ('02:42', 'sparktc-8880bc939ed88737-exec-6'), ('02:42', 'sparktc-8880bc939ed88737-exec-7'), ('02:42', 'sparktc-8880bc939ed88737-exec-8'), ('02:49', 'sparktc-8880bc939ed88737-exec-1'), ('02:49', 'sparktc-8880bc939ed88737-exec-2'), ('02:49', 'sparktc-8880bc939ed88737-exec-3'), ('02:49', 'sparktc-8880bc939ed88737-exec-4'), ('02:50', 'sparktc-8880bc939ed88737-exec-5'), ('02:50', 'sparktc-8880bc939ed88737-exec-6'), ('02:50', 'sparktc-8880bc939ed88737-exec-7'), ('02:50', 'sparktc-8880bc939ed88737-exec-8'), ('02:57', 'sparktc-8880bc939ed88737-exec-1'), ('02:57', 'sparktc-8880bc939ed88737-exec-2'), ('02:58', 'sparktc-8880bc939ed88737-exec-3'), ('02:58', 'sparktc-8880bc939ed88737-exec-4'), ('02:58', 'sparktc-8880bc939ed88737-exec-5'), ('02:58', 'sparktc-8880bc939ed88737-exec-6'), ('02:58', 'sparktc-8880bc939ed88737-exec-7'), ('02:59', 'sparktc-8880bc939ed88737-exec-8'), ('03:06', 'sparktc-8880bc939ed88737-exec-1'), ('03:06', 'sparktc-8880bc939ed88737-exec-2'), ('03:06', 'sparktc-8880bc939ed88737-exec-3'), ('03:07', 'sparktc-8880bc939ed88737-exec-4'), ('03:07', 'sparktc-8880bc939ed88737-exec-5'), ('03:07', 'sparktc-8880bc939ed88737-exec-6'), ('03:07', 'sparktc-8880bc939ed88737-exec-7'), ('03:07', 'sparktc-8880bc939ed88737-exec-8'), ('03:15', 'sparktc-8880bc939ed88737-exec-1'), ('03:16', 'sparktc-8880bc939ed88737-exec-2'), ('03:16', 'sparktc-8880bc939ed88737-exec-3'), ('03:16', 'sparktc-8880bc939ed88737-exec-4'), ('03:16', 'sparktc-8880bc939ed88737-exec-5'), ('03:16', 'sparktc-8880bc939ed88737-exec-6'), ('03:17', 'sparktc-8880bc939ed88737-exec-7'), ('03:17', 'sparktc-8880bc939ed88737-exec-8'), ('03:25', 'sparktc-8880bc939ed88737-exec-1'), ('03:25', 'sparktc-8880bc939ed88737-exec-2'), ('03:26', 'sparktc-8880bc939ed88737-exec-3'), ('03:26', 'sparktc-8880bc939ed88737-exec-4'), ('03:26', 'sparktc-8880bc939ed88737-exec-5'), ('03:26', 'sparktc-8880bc939ed88737-exec-6'), ('03:26', 'sparktc-8880bc939ed88737-exec-7'), ('03:27', 'sparktc-8880bc939ed88737-exec-8'), ('03:41', 'sparktc-8880bc939ed88737-exec-1'), ('03:41', 'sparktc-8880bc939ed88737-exec-2'), ('03:41', 'sparktc-8880bc939ed88737-exec-3'), ('03:41', 'sparktc-8880bc939ed88737-exec-4'), ('03:41', 'sparktc-8880bc939ed88737-exec-5'), ('03:42', 'sparktc-8880bc939ed88737-exec-6'), ('03:42', 'sparktc-8880bc939ed88737-exec-7'), ('03:42', 'sparktc-8880bc939ed88737-exec-8'), ('03:51', 'sparktc-8880bc939ed88737-exec-1'), ('03:51', 'sparktc-8880bc939ed88737-exec-2'), ('03:51', 'sparktc-8880bc939ed88737-exec-3'), ('03:51', 'sparktc-8880bc939ed88737-exec-4'), ('03:51', 'sparktc-8880bc939ed88737-exec-5'), ('03:52', 'sparktc-8880bc939ed88737-exec-6'), ('03:52', 'sparktc-8880bc939ed88737-exec-7'), ('03:52', 'sparktc-8880bc939ed88737-exec-8'), ('04:01', 'sparktc-8880bc939ed88737-exec-1'), ('04:01', 'sparktc-8880bc939ed88737-exec-2'), ('04:01', 'sparktc-8880bc939ed88737-exec-3'), ('04:01', 'sparktc-8880bc939ed88737-exec-4'), ('04:02', 'sparktc-8880bc939ed88737-exec-5'), ('04:02', 'sparktc-8880bc939ed88737-exec-6'), ('04:02', 'sparktc-8880bc939ed88737-exec-7'), ('04:02', 'sparktc-8880bc939ed88737-exec-8'), ('04:11', 'sparktc-8880bc939ed88737-exec-1'), ('04:11', 'sparktc-8880bc939ed88737-exec-2'), ('04:11', 'sparktc-8880bc939ed88737-exec-3'), ('04:11', 'sparktc-8880bc939ed88737-exec-4'), ('04:12', 'sparktc-8880bc939ed88737-exec-5'), ('04:14', 'sparktc-8880bc939ed88737-exec-6'), ('04:14', 'sparktc-8880bc939ed88737-exec-7'), ('04:14', 'sparktc-8880bc939ed88737-exec-8'), ('04:24', 'sparktc-8880bc939ed88737-exec-1'), ('04:25', 'sparktc-8880bc939ed88737-exec-2'), ('04:25', 'sparktc-8880bc939ed88737-exec-3'), ('04:25', 'sparktc-8880bc939ed88737-exec-4'), ('04:25', 'sparktc-8880bc939ed88737-exec-5'), ('04:26', 'sparktc-8880bc939ed88737-exec-6'), ('04:26', 'sparktc-8880bc939ed88737-exec-7'), ('04:26', 'sparktc-8880bc939ed88737-exec-8'), ('04:34', 'sparktc-8880bc939ed88737-exec-1'), ('04:34', 'sparktc-8880bc939ed88737-exec-2'), ('04:35', 'sparktc-8880bc939ed88737-exec-3'), ('04:35', 'sparktc-8880bc939ed88737-exec-4'), ('04:35', 'sparktc-8880bc939ed88737-exec-5'), ('04:35', 'sparktc-8880bc939ed88737-exec-6'), ('04:36', 'sparktc-8880bc939ed88737-exec-7'), ('04:36', 'sparktc-8880bc939ed88737-exec-8'), ('04:44', 'sparktc-8880bc939ed88737-exec-1'), ('04:44', 'sparktc-8880bc939ed88737-exec-2'), ('04:44', 'sparktc-8880bc939ed88737-exec-3'), ('04:44', 'sparktc-8880bc939ed88737-exec-4'), ('04:45', 'sparktc-8880bc939ed88737-exec-5'), ('04:45', 'sparktc-8880bc939ed88737-exec-6'), ('04:45', 'sparktc-8880bc939ed88737-exec-7'), ('04:45', 'sparktc-8880bc939ed88737-exec-8'), ('04:54', 'sparktc-8880bc939ed88737-exec-1'), ('04:54', 'sparktc-8880bc939ed88737-exec-2'), ('04:54', 'sparktc-8880bc939ed88737-exec-3'), ('04:55', 'sparktc-8880bc939ed88737-exec-4'), ('04:55', 'sparktc-8880bc939ed88737-exec-5')]"
26,2024-12-07 02:01:01.536158,2024-12-07 02:05:57.005329,1644.1538333333283,"[('01:24', 'sparktc-a0d137939ed97f2f-exec-1'), ('01:31', 'sparktc-a0d137939ed97f2f-exec-1'), ('01:37', 'sparktc-a0d137939ed97f2f-exec-1'), ('01:44', 'sparktc-a0d137939ed97f2f-exec-1'), ('01:44', 'sparktc-a0d137939ed97f2f-exec-2'), ('01:50', 'sparktc-a0d137939ed97f2f-exec-1'), ('01:50', 'sparktc-a0d137939ed97f2f-exec-2'), ('01:50', 'sparktc-a0d137939ed97f2f-exec-3'), ('01:50', 'sparktc-a0d137939ed97f2f-exec-4'), ('01:50', 'sparktc-a0d137939ed97f2f-exec-5'), ('01:51', 'sparktc-a0d137939ed97f2f-exec-6'), ('01:56', 'sparktc-a0d137939ed97f2f-exec-1'), ('01:56', 'sparktc-a0d137939ed97f2f-exec-2'), ('01:56', 'sparktc-a0d137939ed97f2f-exec-3'), ('01:57', 'sparktc-a0d137939ed97f2f-exec-4'), ('01:57', 'sparktc-a0d137939ed97f2f-exec-5'), ('01:57', 'sparktc-a0d137939ed97f2f-exec-6'), ('01:57', 'sparktc-a0d137939ed97f2f-exec-7'), ('01:57', 'sparktc-a0d137939ed97f2f-exec-8'), ('02:03', 'sparktc-a0d137939ed97f2f-exec-1'), ('02:03', 'sparktc-a0d137939ed97f2f-exec-2'), ('02:03', 'sparktc-a0d137939ed97f2f-exec-3'), ('02:03', 'sparktc-a0d137939ed97f2f-exec-4'), ('02:03', 'sparktc-a0d137939ed97f2f-exec-5'), ('02:04', 'sparktc-a0d137939ed97f2f-exec-6'), ('02:04', 'sparktc-a0d137939ed97f2f-exec-7'), ('02:04', 'sparktc-a0d137939ed97f2f-exec-8'), ('02:10', 'sparktc-a0d137939ed97f2f-exec-1'), ('02:10', 'sparktc-a0d137939ed97f2f-exec-2'), ('02:11', 'sparktc-a0d137939ed97f2f-exec-3'), ('02:11', 'sparktc-a0d137939ed97f2f-exec-4'), ('02:11', 'sparktc-a0d137939ed97f2f-exec-5'), ('02:11', 'sparktc-a0d137939ed97f2f-exec-6'), ('02:12', 'sparktc-a0d137939ed97f2f-exec-7'), ('02:12', 'sparktc-a0d137939ed97f2f-exec-8'), ('02:18', 'sparktc-a0d137939ed97f2f-exec-1'), ('02:18', 'sparktc-a0d137939ed97f2f-exec-2'), ('02:19', 'sparktc-a0d137939ed97f2f-exec-3'), ('02:19', 'sparktc-a0d137939ed97f2f-exec-4'), ('02:19', 'sparktc-a0d137939ed97f2f-exec-5'), ('02:19', 'sparktc-a0d137939ed97f2f-exec-6'), ('02:20', 'sparktc-a0d137939ed97f2f-exec-7'), ('02:20', 'sparktc-a0d137939ed97f2f-exec-8'), ('02:26', 'sparktc-a0d137939ed97f2f-exec-1'), ('02:27', 'sparktc-a0d137939ed97f2f-exec-2'), ('02:27', 'sparktc-a0d137939ed97f2f-exec-3'), ('02:27', 'sparktc-a0d137939ed97f2f-exec-4'), ('02:27', 'sparktc-a0d137939ed97f2f-exec-5'), ('02:28', 'sparktc-a0d137939ed97f2f-exec-6'), ('02:28', 'sparktc-a0d137939ed97f2f-exec-7'), ('02:28', 'sparktc-a0d137939ed97f2f-exec-8'), ('02:34', 'sparktc-a0d137939ed97f2f-exec-1'), ('02:35', 'sparktc-a0d137939ed97f2f-exec-2'), ('02:35', 'sparktc-a0d137939ed97f2f-exec-3'), ('02:35', 'sparktc-a0d137939ed97f2f-exec-4'), ('02:35', 'sparktc-a0d137939ed97f2f-exec-5'), ('02:36', 'sparktc-a0d137939ed97f2f-exec-6'), ('02:36', 'sparktc-a0d137939ed97f2f-exec-7'), ('02:36', 'sparktc-a0d137939ed97f2f-exec-8'), ('02:42', 'sparktc-a0d137939ed97f2f-exec-1'), ('02:42', 'sparktc-a0d137939ed97f2f-exec-2'), ('02:43', 'sparktc-a0d137939ed97f2f-exec-3'), ('02:43', 'sparktc-a0d137939ed97f2f-exec-4'), ('02:43', 'sparktc-a0d137939ed97f2f-exec-5'), ('02:43', 'sparktc-a0d137939ed97f2f-exec-6'), ('02:43', 'sparktc-a0d137939ed97f2f-exec-7'), ('02:44', 'sparktc-a0d137939ed97f2f-exec-8'), ('02:51', 'sparktc-a0d137939ed97f2f-exec-1'), ('02:51', 'sparktc-a0d137939ed97f2f-exec-2'), ('02:51', 'sparktc-a0d137939ed97f2f-exec-3'), ('02:51', 'sparktc-a0d137939ed97f2f-exec-4'), ('02:51', 'sparktc-a0d137939ed97f2f-exec-5'), ('02:52', 'sparktc-a0d137939ed97f2f-exec-6'), ('02:52', 'sparktc-a0d137939ed97f2f-exec-7'), ('02:52', 'sparktc-a0d137939ed97f2f-exec-8'), ('02:59', 'sparktc-a0d137939ed97f2f-exec-1'), ('02:59', 'sparktc-a0d137939ed97f2f-exec-2'), ('02:59', 'sparktc-a0d137939ed97f2f-exec-3'), ('02:59', 'sparktc-a0d137939ed97f2f-exec-4'), ('03:00', 'sparktc-a0d137939ed97f2f-exec-5'), ('03:00', 'sparktc-a0d137939ed97f2f-exec-6'), ('03:00', 'sparktc-a0d137939ed97f2f-exec-7'), ('03:00', 'sparktc-a0d137939ed97f2f-exec-8'), ('03:07', 'sparktc-a0d137939ed97f2f-exec-1'), ('03:08', 'sparktc-a0d137939ed97f2f-exec-2'), ('03:08', 'sparktc-a0d137939ed97f2f-exec-3'), ('03:08', 'sparktc-a0d137939ed97f2f-exec-4'), ('03:08', 'sparktc-a0d137939ed97f2f-exec-5'), ('03:09', 'sparktc-a0d137939ed97f2f-exec-6'), ('03:09', 'sparktc-a0d137939ed97f2f-exec-7'), ('03:09', 'sparktc-a0d137939ed97f2f-exec-8'), ('03:17', 'sparktc-a0d137939ed97f2f-exec-1'), ('03:17', 'sparktc-a0d137939ed97f2f-exec-2'), ('03:17', 'sparktc-a0d137939ed97f2f-exec-3'), ('03:18', 'sparktc-a0d137939ed97f2f-exec-4'), ('03:18', 'sparktc-a0d137939ed97f2f-exec-5'), ('03:18', 'sparktc-a0d137939ed97f2f-exec-6'), ('03:18', 'sparktc-a0d137939ed97f2f-exec-7'), ('03:18', 'sparktc-a0d137939ed97f2f-exec-8'), ('03:27', 'sparktc-a0d137939ed97f2f-exec-1'), ('03:27', 'sparktc-a0d137939ed97f2f-exec-2'), ('03:27', 'sparktc-a0d137939ed97f2f-exec-3'), ('03:27', 'sparktc-a0d137939ed97f2f-exec-4'), ('03:27', 'sparktc-a0d137939ed97f2f-exec-5'), ('03:28', 'sparktc-a0d137939ed97f2f-exec-6'), ('03:34', 'sparktc-a0d137939ed97f2f-exec-7'), ('03:34', 'sparktc-a0d137939ed97f2f-exec-8'), ('03:42', 'sparktc-a0d137939ed97f2f-exec-1'), ('03:43', 'sparktc-a0d137939ed97f2f-exec-2'), ('03:43', 'sparktc-a0d137939ed97f2f-exec-3'), ('03:43', 'sparktc-a0d137939ed97f2f-exec-4'), ('03:43', 'sparktc-a0d137939ed97f2f-exec-5'), ('03:44', 'sparktc-a0d137939ed97f2f-exec-6'), ('03:44', 'sparktc-a0d137939ed97f2f-exec-7'), ('03:44', 'sparktc-a0d137939ed97f2f-exec-8'), ('03:52', 'sparktc-a0d137939ed97f2f-exec-1'), ('03:53', 'sparktc-a0d137939ed97f2f-exec-2'), ('03:53', 'sparktc-a0d137939ed97f2f-exec-3'), ('03:53', 'sparktc-a0d137939ed97f2f-exec-4'), ('03:53', 'sparktc-a0d137939ed97f2f-exec-5'), ('03:53', 'sparktc-a0d137939ed97f2f-exec-6'), ('03:54', 'sparktc-a0d137939ed97f2f-exec-7'), ('03:54', 'sparktc-a0d137939ed97f2f-exec-8'), ('04:02', 'sparktc-a0d137939ed97f2f-exec-1'), ('04:03', 'sparktc-a0d137939ed97f2f-exec-2'), ('04:03', 'sparktc-a0d137939ed97f2f-exec-3'), ('04:03', 'sparktc-a0d137939ed97f2f-exec-4'), ('04:03', 'sparktc-a0d137939ed97f2f-exec-5'), ('04:03', 'sparktc-a0d137939ed97f2f-exec-6'), ('04:04', 'sparktc-a0d137939ed97f2f-exec-7'), ('04:04', 'sparktc-a0d137939ed97f2f-exec-8'), ('04:14', 'sparktc-a0d137939ed97f2f-exec-1'), ('04:15', 'sparktc-a0d137939ed97f2f-exec-2'), ('04:17', 'sparktc-a0d137939ed97f2f-exec-3'), ('04:17', 'sparktc-a0d137939ed97f2f-exec-4'), ('04:18', 'sparktc-a0d137939ed97f2f-exec-5'), ('04:18', 'sparktc-a0d137939ed97f2f-exec-6'), ('04:18', 'sparktc-a0d137939ed97f2f-exec-7'), ('04:18', 'sparktc-a0d137939ed97f2f-exec-8'), ('04:26', 'sparktc-a0d137939ed97f2f-exec-1'), ('04:27', 'sparktc-a0d137939ed97f2f-exec-2'), ('04:27', 'sparktc-a0d137939ed97f2f-exec-3'), ('04:27', 'sparktc-a0d137939ed97f2f-exec-4'), ('04:27', 'sparktc-a0d137939ed97f2f-exec-5'), ('04:27', 'sparktc-a0d137939ed97f2f-exec-6'), ('04:28', 'sparktc-a0d137939ed97f2f-exec-7'), ('04:28', 'sparktc-a0d137939ed97f2f-exec-8'), ('04:36', 'sparktc-a0d137939ed97f2f-exec-1'), ('04:36', 'sparktc-a0d137939ed97f2f-exec-2'), ('04:36', 'sparktc-a0d137939ed97f2f-exec-3'), ('04:37', 'sparktc-a0d137939ed97f2f-exec-4'), ('04:37', 'sparktc-a0d137939ed97f2f-exec-5'), ('04:37', 'sparktc-a0d137939ed97f2f-exec-6'), ('04:37', 'sparktc-a0d137939ed97f2f-exec-7'), ('04:37', 'sparktc-a0d137939ed97f2f-exec-8'), ('04:46', 'sparktc-a0d137939ed97f2f-exec-1'), ('04:46', 'sparktc-a0d137939ed97f2f-exec-2'), ('04:46', 'sparktc-a0d137939ed97f2f-exec-3'), ('04:46', 'sparktc-a0d137939ed97f2f-exec-4'), ('04:46', 'sparktc-a0d137939ed97f2f-exec-5'), ('04:47', 'sparktc-a0d137939ed97f2f-exec-6'), ('04:47', 'sparktc-a0d137939ed97f2f-exec-7'), ('04:47', 'sparktc-a0d137939ed97f2f-exec-8'), ('04:56', 'sparktc-a0d137939ed97f2f-exec-1'), ('04:56', 'sparktc-a0d137939ed97f2f-exec-2'), ('04:56', 'sparktc-a0d137939ed97f2f-exec-3'), ('04:57', 'sparktc-a0d137939ed97f2f-exec-4'), ('04:57', 'sparktc-a0d137939ed97f2f-exec-5'), ('04:57', 'sparktc-a0d137939ed97f2f-exec-6'), ('04:57', 'sparktc-a0d137939ed97f2f-exec-7'), ('04:57', 'sparktc-a0d137939ed97f2f-exec-8'), ('05:05', 'sparktc-a0d137939ed97f2f-exec-1'), ('05:05', 'sparktc-a0d137939ed97f2f-exec-2'), ('05:05', 'sparktc-a0d137939ed97f2f-exec-3'), ('05:06', 'sparktc-a0d137939ed97f2f-exec-4'), ('05:06', 'sparktc-a0d137939ed97f2f-exec-5'), ('05:06', 'sparktc-a0d137939ed97f2f-exec-6'), ('05:06', 'sparktc-a0d137939ed97f2f-exec-7'), ('05:07', 'sparktc-a0d137939ed97f2f-exec-8'), ('05:14', 'sparktc-a0d137939ed97f2f-exec-1'), ('05:14', 'sparktc-a0d137939ed97f2f-exec-2'), ('05:14', 'sparktc-a0d137939ed97f2f-exec-3'), ('05:15', 'sparktc-a0d137939ed97f2f-exec-4'), ('05:15', 'sparktc-a0d137939ed97f2f-exec-5'), ('05:15', 'sparktc-a0d137939ed97f2f-exec-6'), ('05:15', 'sparktc-a0d137939ed97f2f-exec-7'), ('05:15', 'sparktc-a0d137939ed97f2f-exec-8'), ('05:22', 'sparktc-a0d137939ed97f2f-exec-1'), ('05:22', 'sparktc-a0d137939ed97f2f-exec-2'), ('05:23', 'sparktc-a0d137939ed97f2f-exec-3'), ('05:23', 'sparktc-a0d137939ed97f2f-exec-4'), ('05:23', 'sparktc-a0d137939ed97f2f-exec-5'), ('05:23', 'sparktc-a0d137939ed97f2f-exec-6'), ('05:24', 'sparktc-a0d137939ed97f2f-exec-7'), ('05:24', 'sparktc-a0d137939ed97f2f-exec-8'), ('05:31', 'sparktc-a0d137939ed97f2f-exec-1'), ('05:31', 'sparktc-a0d137939ed97f2f-exec-2'), ('05:31', 'sparktc-a0d137939ed97f2f-exec-3'), ('05:31', 'sparktc-a0d137939ed97f2f-exec-4'), ('05:32', 'sparktc-a0d137939ed97f2f-exec-5'), ('05:32', 'sparktc-a0d137939ed97f2f-exec-6'), ('05:32', 'sparktc-a0d137939ed97f2f-exec-7'), ('05:32', 'sparktc-a0d137939ed97f2f-exec-8'), ('05:39', 'sparktc-a0d137939ed97f2f-exec-1'), ('05:40', 'sparktc-a0d137939ed97f2f-exec-2'), ('05:40', 'sparktc-a0d137939ed97f2f-exec-3'), ('05:40', 'sparktc-a0d137939ed97f2f-exec-4'), ('05:40', 'sparktc-a0d137939ed97f2f-exec-5'), ('05:40', 'sparktc-a0d137939ed97f2f-exec-6'), ('05:41', 'sparktc-a0d137939ed97f2f-exec-7'), ('05:41', 'sparktc-a0d137939ed97f2f-exec-8'), ('05:48', 'sparktc-a0d137939ed97f2f-exec-1'), ('05:48', 'sparktc-a0d137939ed97f2f-exec-2'), ('05:49', 'sparktc-a0d137939ed97f2f-exec-3'), ('05:49', 'sparktc-a0d137939ed97f2f-exec-4'), ('05:49', 'sparktc-a0d137939ed97f2f-exec-5'), ('05:49', 'sparktc-a0d137939ed97f2f-exec-6'), ('05:49', 'sparktc-a0d137939ed97f2f-exec-7'), ('05:50', 'sparktc-a0d137939ed97f2f-exec-8')]"
27,2024-12-07 02:01:19.342450,2024-12-07 02:05:57.005490,1485.348666666663,"[('01:44', 'sparktc-b2820c939ed9c1c7-exec-1'), ('01:51', 'sparktc-b2820c939ed9c1c7-exec-1'), ('01:58', 'sparktc-b2820c939ed9c1c7-exec-1'), ('02:05', 'sparktc-b2820c939ed9c1c7-exec-1'), ('02:05', 'sparktc-b2820c939ed9c1c7-exec-2'), ('02:05', 'sparktc-b2820c939ed9c1c7-exec-3'), ('02:12', 'sparktc-b2820c939ed9c1c7-exec-1'), ('02:12', 'sparktc-b2820c939ed9c1c7-exec-2'), ('02:13', 'sparktc-b2820c939ed9c1c7-exec-3'), ('02:13', 'sparktc-b2820c939ed9c1c7-exec-4'), ('02:13', 'sparktc-b2820c939ed9c1c7-exec-5'), ('02:13', 'sparktc-b2820c939ed9c1c7-exec-6'), ('02:13', 'sparktc-b2820c939ed9c1c7-exec-7'), ('02:14', 'sparktc-b2820c939ed9c1c7-exec-8'), ('02:20', 'sparktc-b2820c939ed9c1c7-exec-1'), ('02:21', 'sparktc-b2820c939ed9c1c7-exec-2'), ('02:21', 'sparktc-b2820c939ed9c1c7-exec-3'), ('02:21', 'sparktc-b2820c939ed9c1c7-exec-4'), ('02:21', 'sparktc-b2820c939ed9c1c7-exec-5'), ('02:21', 'sparktc-b2820c939ed9c1c7-exec-6'), ('02:22', 'sparktc-b2820c939ed9c1c7-exec-7'), ('02:22', 'sparktc-b2820c939ed9c1c7-exec-8'), ('02:28', 'sparktc-b2820c939ed9c1c7-exec-1'), ('02:28', 'sparktc-b2820c939ed9c1c7-exec-2'), ('02:29', 'sparktc-b2820c939ed9c1c7-exec-3'), ('02:29', 'sparktc-b2820c939ed9c1c7-exec-4'), ('02:29', 'sparktc-b2820c939ed9c1c7-exec-5'), ('02:29', 'sparktc-b2820c939ed9c1c7-exec-6'), ('02:29', 'sparktc-b2820c939ed9c1c7-exec-7'), ('02:29', 'sparktc-b2820c939ed9c1c7-exec-8'), ('02:36', 'sparktc-b2820c939ed9c1c7-exec-1'), ('02:36', 'sparktc-b2820c939ed9c1c7-exec-2'), ('02:37', 'sparktc-b2820c939ed9c1c7-exec-3'), ('02:37', 'sparktc-b2820c939ed9c1c7-exec-4'), ('02:37', 'sparktc-b2820c939ed9c1c7-exec-5'), ('02:37', 'sparktc-b2820c939ed9c1c7-exec-6'), ('02:37', 'sparktc-b2820c939ed9c1c7-exec-7'), ('02:38', 'sparktc-b2820c939ed9c1c7-exec-8'), ('02:44', 'sparktc-b2820c939ed9c1c7-exec-1'), ('02:44', 'sparktc-b2820c939ed9c1c7-exec-2'), ('02:44', 'sparktc-b2820c939ed9c1c7-exec-3'), ('02:44', 'sparktc-b2820c939ed9c1c7-exec-4'), ('02:45', 'sparktc-b2820c939ed9c1c7-exec-5'), ('02:45', 'sparktc-b2820c939ed9c1c7-exec-6'), ('02:45', 'sparktc-b2820c939ed9c1c7-exec-7'), ('02:45', 'sparktc-b2820c939ed9c1c7-exec-8'), ('02:52', 'sparktc-b2820c939ed9c1c7-exec-1'), ('02:52', 'sparktc-b2820c939ed9c1c7-exec-2'), ('02:53', 'sparktc-b2820c939ed9c1c7-exec-3'), ('02:53', 'sparktc-b2820c939ed9c1c7-exec-4'), ('02:53', 'sparktc-b2820c939ed9c1c7-exec-5'), ('02:53', 'sparktc-b2820c939ed9c1c7-exec-6'), ('02:54', 'sparktc-b2820c939ed9c1c7-exec-7'), ('02:54', 'sparktc-b2820c939ed9c1c7-exec-8'), ('03:01', 'sparktc-b2820c939ed9c1c7-exec-1'), ('03:01', 'sparktc-b2820c939ed9c1c7-exec-2'), ('03:01', 'sparktc-b2820c939ed9c1c7-exec-3'), ('03:01', 'sparktc-b2820c939ed9c1c7-exec-4'), ('03:01', 'sparktc-b2820c939ed9c1c7-exec-5'), ('03:02', 'sparktc-b2820c939ed9c1c7-exec-6'), ('03:02', 'sparktc-b2820c939ed9c1c7-exec-7'), ('03:02', 'sparktc-b2820c939ed9c1c7-exec-8'), ('03:09', 'sparktc-b2820c939ed9c1c7-exec-1'), ('03:10', 'sparktc-b2820c939ed9c1c7-exec-2'), ('03:10', 'sparktc-b2820c939ed9c1c7-exec-3'), ('03:10', 'sparktc-b2820c939ed9c1c7-exec-4'), ('03:10', 'sparktc-b2820c939ed9c1c7-exec-5'), ('03:10', 'sparktc-b2820c939ed9c1c7-exec-6'), ('03:11', 'sparktc-b2820c939ed9c1c7-exec-7'), ('03:11', 'sparktc-b2820c939ed9c1c7-exec-8'), ('03:19', 'sparktc-b2820c939ed9c1c7-exec-1'), ('03:19', 'sparktc-b2820c939ed9c1c7-exec-2'), ('03:19', 'sparktc-b2820c939ed9c1c7-exec-3'), ('03:19', 'sparktc-b2820c939ed9c1c7-exec-4'), ('03:19', 'sparktc-b2820c939ed9c1c7-exec-5'), ('03:20', 'sparktc-b2820c939ed9c1c7-exec-6'), ('03:20', 'sparktc-b2820c939ed9c1c7-exec-7'), ('03:20', 'sparktc-b2820c939ed9c1c7-exec-8'), ('03:34', 'sparktc-b2820c939ed9c1c7-exec-1'), ('03:35', 'sparktc-b2820c939ed9c1c7-exec-2'), ('03:35', 'sparktc-b2820c939ed9c1c7-exec-3'), ('03:35', 'sparktc-b2820c939ed9c1c7-exec-4'), ('03:35', 'sparktc-b2820c939ed9c1c7-exec-5'), ('03:36', 'sparktc-b2820c939ed9c1c7-exec-6'), ('03:36', 'sparktc-b2820c939ed9c1c7-exec-7'), ('03:36', 'sparktc-b2820c939ed9c1c7-exec-8'), ('03:44', 'sparktc-b2820c939ed9c1c7-exec-1'), ('03:45', 'sparktc-b2820c939ed9c1c7-exec-2'), ('03:45', 'sparktc-b2820c939ed9c1c7-exec-3'), ('03:45', 'sparktc-b2820c939ed9c1c7-exec-4'), ('03:45', 'sparktc-b2820c939ed9c1c7-exec-5'), ('03:45', 'sparktc-b2820c939ed9c1c7-exec-6'), ('03:46', 'sparktc-b2820c939ed9c1c7-exec-7'), ('03:46', 'sparktc-b2820c939ed9c1c7-exec-8'), ('03:54', 'sparktc-b2820c939ed9c1c7-exec-1'), ('03:54', 'sparktc-b2820c939ed9c1c7-exec-2'), ('03:55', 'sparktc-b2820c939ed9c1c7-exec-3'), ('03:55', 'sparktc-b2820c939ed9c1c7-exec-4'), ('03:55', 'sparktc-b2820c939ed9c1c7-exec-5'), ('03:55', 'sparktc-b2820c939ed9c1c7-exec-6'), ('03:56', 'sparktc-b2820c939ed9c1c7-exec-7'), ('03:56', 'sparktc-b2820c939ed9c1c7-exec-8'), ('04:05', 'sparktc-b2820c939ed9c1c7-exec-1'), ('04:05', 'sparktc-b2820c939ed9c1c7-exec-2'), ('04:05', 'sparktc-b2820c939ed9c1c7-exec-3'), ('04:05', 'sparktc-b2820c939ed9c1c7-exec-4'), ('04:05', 'sparktc-b2820c939ed9c1c7-exec-5'), ('04:06', 'sparktc-b2820c939ed9c1c7-exec-6'), ('04:06', 'sparktc-b2820c939ed9c1c7-exec-7'), ('04:06', 'sparktc-b2820c939ed9c1c7-exec-8'), ('04:18', 'sparktc-b2820c939ed9c1c7-exec-1'), ('04:19', 'sparktc-b2820c939ed9c1c7-exec-2'), ('04:19', 'sparktc-b2820c939ed9c1c7-exec-3'), ('04:19', 'sparktc-b2820c939ed9c1c7-exec-4'), ('04:19', 'sparktc-b2820c939ed9c1c7-exec-5'), ('04:19', 'sparktc-b2820c939ed9c1c7-exec-6'), ('04:20', 'sparktc-b2820c939ed9c1c7-exec-7'), ('04:20', 'sparktc-b2820c939ed9c1c7-exec-8'), ('04:28', 'sparktc-b2820c939ed9c1c7-exec-1'), ('04:28', 'sparktc-b2820c939ed9c1c7-exec-2'), ('04:29', 'sparktc-b2820c939ed9c1c7-exec-3'), ('04:29', 'sparktc-b2820c939ed9c1c7-exec-4'), ('04:29', 'sparktc-b2820c939ed9c1c7-exec-5'), ('04:29', 'sparktc-b2820c939ed9c1c7-exec-6'), ('04:29', 'sparktc-b2820c939ed9c1c7-exec-7'), ('04:30', 'sparktc-b2820c939ed9c1c7-exec-8'), ('04:38', 'sparktc-b2820c939ed9c1c7-exec-1'), ('04:38', 'sparktc-b2820c939ed9c1c7-exec-2'), ('04:38', 'sparktc-b2820c939ed9c1c7-exec-3'), ('04:38', 'sparktc-b2820c939ed9c1c7-exec-4'), ('04:39', 'sparktc-b2820c939ed9c1c7-exec-5'), ('04:39', 'sparktc-b2820c939ed9c1c7-exec-6'), ('04:39', 'sparktc-b2820c939ed9c1c7-exec-7'), ('04:39', 'sparktc-b2820c939ed9c1c7-exec-8'), ('04:47', 'sparktc-b2820c939ed9c1c7-exec-1'), ('04:48', 'sparktc-b2820c939ed9c1c7-exec-2'), ('04:48', 'sparktc-b2820c939ed9c1c7-exec-3'), ('04:48', 'sparktc-b2820c939ed9c1c7-exec-4'), ('04:48', 'sparktc-b2820c939ed9c1c7-exec-5'), ('04:48', 'sparktc-b2820c939ed9c1c7-exec-6'), ('04:49', 'sparktc-b2820c939ed9c1c7-exec-7'), ('04:49', 'sparktc-b2820c939ed9c1c7-exec-8'), ('04:58', 'sparktc-b2820c939ed9c1c7-exec-1'), ('04:58', 'sparktc-b2820c939ed9c1c7-exec-2'), ('04:58', 'sparktc-b2820c939ed9c1c7-exec-3'), ('04:58', 'sparktc-b2820c939ed9c1c7-exec-4'), ('04:59', 'sparktc-b2820c939ed9c1c7-exec-5'), ('04:59', 'sparktc-b2820c939ed9c1c7-exec-6'), ('04:59', 'sparktc-b2820c939ed9c1c7-exec-7'), ('04:59', 'sparktc-b2820c939ed9c1c7-exec-8'), ('05:07', 'sparktc-b2820c939ed9c1c7-exec-1'), ('05:07', 'sparktc-b2820c939ed9c1c7-exec-2'), ('05:08', 'sparktc-b2820c939ed9c1c7-exec-3'), ('05:08', 'sparktc-b2820c939ed9c1c7-exec-4'), ('05:08', 'sparktc-b2820c939ed9c1c7-exec-5'), ('05:08', 'sparktc-b2820c939ed9c1c7-exec-6'), ('05:09', 'sparktc-b2820c939ed9c1c7-exec-7'), ('05:09', 'sparktc-b2820c939ed9c1c7-exec-8'), ('05:16', 'sparktc-b2820c939ed9c1c7-exec-1'), ('05:16', 'sparktc-b2820c939ed9c1c7-exec-2'), ('05:16', 'sparktc-b2820c939ed9c1c7-exec-3'), ('05:16', 'sparktc-b2820c939ed9c1c7-exec-4'), ('05:17', 'sparktc-b2820c939ed9c1c7-exec-5'), ('05:17', 'sparktc-b2820c939ed9c1c7-exec-6'), ('05:17', 'sparktc-b2820c939ed9c1c7-exec-7'), ('05:17', 'sparktc-b2820c939ed9c1c7-exec-8'), ('05:24', 'sparktc-b2820c939ed9c1c7-exec-1'), ('05:24', 'sparktc-b2820c939ed9c1c7-exec-2'), ('05:24', 'sparktc-b2820c939ed9c1c7-exec-3'), ('05:25', 'sparktc-b2820c939ed9c1c7-exec-4'), ('05:25', 'sparktc-b2820c939ed9c1c7-exec-5'), ('05:25', 'sparktc-b2820c939ed9c1c7-exec-6'), ('05:25', 'sparktc-b2820c939ed9c1c7-exec-7'), ('05:26', 'sparktc-b2820c939ed9c1c7-exec-8'), ('05:33', 'sparktc-b2820c939ed9c1c7-exec-1'), ('05:33', 'sparktc-b2820c939ed9c1c7-exec-2'), ('05:33', 'sparktc-b2820c939ed9c1c7-exec-3'), ('05:33', 'sparktc-b2820c939ed9c1c7-exec-4'), ('05:33', 'sparktc-b2820c939ed9c1c7-exec-5'), ('05:34', 'sparktc-b2820c939ed9c1c7-exec-6'), ('05:34', 'sparktc-b2820c939ed9c1c7-exec-7'), ('05:34', 'sparktc-b2820c939ed9c1c7-exec-8'), ('05:41', 'sparktc-b2820c939ed9c1c7-exec-1'), ('05:41', 'sparktc-b2820c939ed9c1c7-exec-2'), ('05:42', 'sparktc-b2820c939ed9c1c7-exec-3'), ('05:42', 'sparktc-b2820c939ed9c1c7-exec-4'), ('05:42', 'sparktc-b2820c939ed9c1c7-exec-5'), ('05:42', 'sparktc-b2820c939ed9c1c7-exec-6'), ('05:42', 'sparktc-b2820c939ed9c1c7-exec-7'), ('05:43', 'sparktc-b2820c939ed9c1c7-exec-8'), ('05:50', 'sparktc-b2820c939ed9c1c7-exec-1'), ('05:50', 'sparktc-b2820c939ed9c1c7-exec-2'), ('05:51', 'sparktc-b2820c939ed9c1c7-exec-3'), ('05:51', 'sparktc-b2820c939ed9c1c7-exec-4'), ('05:51', 'sparktc-b2820c939ed9c1c7-exec-5'), ('05:51', 'sparktc-b2820c939ed9c1c7-exec-6'), ('05:52', 'sparktc-b2820c939ed9c1c7-exec-8')]"
28,2024-12-07 02:01:38.842700,2024-12-07 02:07:01.315101,1849.3266666666668,"[('01:59', 'sparktc-0127ab939eda1255-exec-1'), ('02:07', 'sparktc-0127ab939eda1255-exec-1'), ('02:16', 'sparktc-0127ab939eda1255-exec-1'), ('02:16', 'sparktc-0127ab939eda1255-exec-2'), ('02:16', 'sparktc-0127ab939eda1255-exec-3'), ('02:23', 'sparktc-0127ab939eda1255-exec-1'), ('02:24', 'sparktc-0127ab939eda1255-exec-2'), ('02:24', 'sparktc-0127ab939eda1255-exec-3'), ('02:24', 'sparktc-0127ab939eda1255-exec-4'), ('02:24', 'sparktc-0127ab939eda1255-exec-5'), ('02:31', 'sparktc-0127ab939eda1255-exec-1'), ('02:31', 'sparktc-0127ab939eda1255-exec-2'), ('02:31', 'sparktc-0127ab939eda1255-exec-3'), ('02:32', 'sparktc-0127ab939eda1255-exec-4'), ('02:32', 'sparktc-0127ab939eda1255-exec-5'), ('02:32', 'sparktc-0127ab939eda1255-exec-6'), ('02:32', 'sparktc-0127ab939eda1255-exec-7'), ('02:32', 'sparktc-0127ab939eda1255-exec-8'), ('02:39', 'sparktc-0127ab939eda1255-exec-1'), ('02:39', 'sparktc-0127ab939eda1255-exec-2'), ('02:39', 'sparktc-0127ab939eda1255-exec-3'), ('02:40', 'sparktc-0127ab939eda1255-exec-4'), ('02:40', 'sparktc-0127ab939eda1255-exec-5'), ('02:40', 'sparktc-0127ab939eda1255-exec-6'), ('02:40', 'sparktc-0127ab939eda1255-exec-7'), ('02:40', 'sparktc-0127ab939eda1255-exec-8'), ('02:47', 'sparktc-0127ab939eda1255-exec-1'), ('02:47', 'sparktc-0127ab939eda1255-exec-2'), ('02:48', 'sparktc-0127ab939eda1255-exec-3'), ('02:48', 'sparktc-0127ab939eda1255-exec-4'), ('02:48', 'sparktc-0127ab939eda1255-exec-5'), ('02:48', 'sparktc-0127ab939eda1255-exec-6'), ('02:48', 'sparktc-0127ab939eda1255-exec-7'), ('02:49', 'sparktc-0127ab939eda1255-exec-8'), ('02:55', 'sparktc-0127ab939eda1255-exec-1'), ('02:56', 'sparktc-0127ab939eda1255-exec-2'), ('02:56', 'sparktc-0127ab939eda1255-exec-3'), ('02:56', 'sparktc-0127ab939eda1255-exec-4'), ('02:56', 'sparktc-0127ab939eda1255-exec-5'), ('02:56', 'sparktc-0127ab939eda1255-exec-6'), ('02:57', 'sparktc-0127ab939eda1255-exec-7'), ('02:57', 'sparktc-0127ab939eda1255-exec-8'), ('03:04', 'sparktc-0127ab939eda1255-exec-1'), ('03:04', 'sparktc-0127ab939eda1255-exec-2'), ('03:04', 'sparktc-0127ab939eda1255-exec-3'), ('03:05', 'sparktc-0127ab939eda1255-exec-4'), ('03:05', 'sparktc-0127ab939eda1255-exec-5'), ('03:05', 'sparktc-0127ab939eda1255-exec-6'), ('03:06', 'sparktc-0127ab939eda1255-exec-7'), ('03:06', 'sparktc-0127ab939eda1255-exec-8'), ('03:14', 'sparktc-0127ab939eda1255-exec-1'), ('03:14', 'sparktc-0127ab939eda1255-exec-2'), ('03:14', 'sparktc-0127ab939eda1255-exec-3'), ('03:14', 'sparktc-0127ab939eda1255-exec-4'), ('03:14', 'sparktc-0127ab939eda1255-exec-5'), ('03:15', 'sparktc-0127ab939eda1255-exec-6'), ('03:15', 'sparktc-0127ab939eda1255-exec-7'), ('03:15', 'sparktc-0127ab939eda1255-exec-8'), ('03:23', 'sparktc-0127ab939eda1255-exec-1'), ('03:24', 'sparktc-0127ab939eda1255-exec-2'), ('03:24', 'sparktc-0127ab939eda1255-exec-3'), ('03:24', 'sparktc-0127ab939eda1255-exec-4'), ('03:24', 'sparktc-0127ab939eda1255-exec-5'), ('03:24', 'sparktc-0127ab939eda1255-exec-6'), ('03:25', 'sparktc-0127ab939eda1255-exec-7'), ('03:25', 'sparktc-0127ab939eda1255-exec-8'), ('03:39', 'sparktc-0127ab939eda1255-exec-1'), ('03:39', 'sparktc-0127ab939eda1255-exec-2'), ('03:39', 'sparktc-0127ab939eda1255-exec-3'), ('03:40', 'sparktc-0127ab939eda1255-exec-4'), ('03:40', 'sparktc-0127ab939eda1255-exec-5'), ('03:40', 'sparktc-0127ab939eda1255-exec-6'), ('03:40', 'sparktc-0127ab939eda1255-exec-7'), ('03:40', 'sparktc-0127ab939eda1255-exec-8'), ('03:49', 'sparktc-0127ab939eda1255-exec-1'), ('03:49', 'sparktc-0127ab939eda1255-exec-2'), ('03:49', 'sparktc-0127ab939eda1255-exec-3'), ('03:50', 'sparktc-0127ab939eda1255-exec-4'), ('03:50', 'sparktc-0127ab939eda1255-exec-5'), ('03:50', 'sparktc-0127ab939eda1255-exec-6'), ('03:50', 'sparktc-0127ab939eda1255-exec-7'), ('03:50', 'sparktc-0127ab939eda1255-exec-8'), ('03:59', 'sparktc-0127ab939eda1255-exec-1'), ('03:59', 'sparktc-0127ab939eda1255-exec-2'), ('03:59', 'sparktc-0127ab939eda1255-exec-3'), ('04:00', 'sparktc-0127ab939eda1255-exec-4'), ('04:00', 'sparktc-0127ab939eda1255-exec-5'), ('04:00', 'sparktc-0127ab939eda1255-exec-6'), ('04:00', 'sparktc-0127ab939eda1255-exec-7'), ('04:00', 'sparktc-0127ab939eda1255-exec-8'), ('04:09', 'sparktc-0127ab939eda1255-exec-1'), ('04:09', 'sparktc-0127ab939eda1255-exec-2'), ('04:10', 'sparktc-0127ab939eda1255-exec-3'), ('04:10', 'sparktc-0127ab939eda1255-exec-4'), ('04:10', 'sparktc-0127ab939eda1255-exec-5'), ('04:10', 'sparktc-0127ab939eda1255-exec-6'), ('04:10', 'sparktc-0127ab939eda1255-exec-7'), ('04:11', 'sparktc-0127ab939eda1255-exec-8'), ('04:23', 'sparktc-0127ab939eda1255-exec-1'), ('04:23', 'sparktc-0127ab939eda1255-exec-2'), ('04:23', 'sparktc-0127ab939eda1255-exec-3'), ('04:23', 'sparktc-0127ab939eda1255-exec-4'), ('04:24', 'sparktc-0127ab939eda1255-exec-5'), ('04:24', 'sparktc-0127ab939eda1255-exec-6'), ('04:24', 'sparktc-0127ab939eda1255-exec-7'), ('04:24', 'sparktc-0127ab939eda1255-exec-8'), ('04:33', 'sparktc-0127ab939eda1255-exec-1'), ('04:33', 'sparktc-0127ab939eda1255-exec-2'), ('04:33', 'sparktc-0127ab939eda1255-exec-3'), ('04:33', 'sparktc-0127ab939eda1255-exec-4'), ('04:33', 'sparktc-0127ab939eda1255-exec-5'), ('04:34', 'sparktc-0127ab939eda1255-exec-6'), ('04:34', 'sparktc-0127ab939eda1255-exec-7'), ('04:34', 'sparktc-0127ab939eda1255-exec-8'), ('04:42', 'sparktc-0127ab939eda1255-exec-1'), ('04:42', 'sparktc-0127ab939eda1255-exec-2'), ('04:42', 'sparktc-0127ab939eda1255-exec-3'), ('04:43', 'sparktc-0127ab939eda1255-exec-4'), ('04:43', 'sparktc-0127ab939eda1255-exec-5'), ('04:43', 'sparktc-0127ab939eda1255-exec-6'), ('04:43', 'sparktc-0127ab939eda1255-exec-7'), ('04:44', 'sparktc-0127ab939eda1255-exec-8'), ('04:52', 'sparktc-0127ab939eda1255-exec-1'), ('04:52', 'sparktc-0127ab939eda1255-exec-2'), ('04:52', 'sparktc-0127ab939eda1255-exec-3'), ('04:53', 'sparktc-0127ab939eda1255-exec-4'), ('04:53', 'sparktc-0127ab939eda1255-exec-5'), ('04:53', 'sparktc-0127ab939eda1255-exec-6'), ('04:53', 'sparktc-0127ab939eda1255-exec-7'), ('04:53', 'sparktc-0127ab939eda1255-exec-8'), ('05:03', 'sparktc-0127ab939eda1255-exec-1'), ('05:03', 'sparktc-0127ab939eda1255-exec-2'), ('05:03', 'sparktc-0127ab939eda1255-exec-3'), ('05:04', 'sparktc-0127ab939eda1255-exec-4'), ('05:04', 'sparktc-0127ab939eda1255-exec-5'), ('05:04', 'sparktc-0127ab939eda1255-exec-6'), ('05:04', 'sparktc-0127ab939eda1255-exec-7'), ('05:05', 'sparktc-0127ab939eda1255-exec-8'), ('05:12', 'sparktc-0127ab939eda1255-exec-1'), ('05:12', 'sparktc-0127ab939eda1255-exec-2'), ('05:13', 'sparktc-0127ab939eda1255-exec-3'), ('05:13', 'sparktc-0127ab939eda1255-exec-4'), ('05:13', 'sparktc-0127ab939eda1255-exec-5'), ('05:13', 'sparktc-0127ab939eda1255-exec-6'), ('05:13', 'sparktc-0127ab939eda1255-exec-7'), ('05:14', 'sparktc-0127ab939eda1255-exec-8'), ('05:21', 'sparktc-0127ab939eda1255-exec-1'), ('05:21', 'sparktc-0127ab939eda1255-exec-2'), ('05:21', 'sparktc-0127ab939eda1255-exec-3'), ('05:21', 'sparktc-0127ab939eda1255-exec-4'), ('05:21', 'sparktc-0127ab939eda1255-exec-5'), ('05:22', 'sparktc-0127ab939eda1255-exec-6'), ('05:22', 'sparktc-0127ab939eda1255-exec-7'), ('05:22', 'sparktc-0127ab939eda1255-exec-8'), ('05:29', 'sparktc-0127ab939eda1255-exec-1'), ('05:29', 'sparktc-0127ab939eda1255-exec-2'), ('05:30', 'sparktc-0127ab939eda1255-exec-3'), ('05:30', 'sparktc-0127ab939eda1255-exec-4'), ('05:30', 'sparktc-0127ab939eda1255-exec-5'), ('05:30', 'sparktc-0127ab939eda1255-exec-6'), ('05:30', 'sparktc-0127ab939eda1255-exec-7'), ('05:31', 'sparktc-0127ab939eda1255-exec-8'), ('05:38', 'sparktc-0127ab939eda1255-exec-1'), ('05:38', 'sparktc-0127ab939eda1255-exec-2'), ('05:38', 'sparktc-0127ab939eda1255-exec-3'), ('05:38', 'sparktc-0127ab939eda1255-exec-4'), ('05:39', 'sparktc-0127ab939eda1255-exec-5'), ('05:39', 'sparktc-0127ab939eda1255-exec-6'), ('05:39', 'sparktc-0127ab939eda1255-exec-7'), ('05:39', 'sparktc-0127ab939eda1255-exec-8'), ('05:46', 'sparktc-0127ab939eda1255-exec-1'), ('05:46', 'sparktc-0127ab939eda1255-exec-2'), ('05:47', 'sparktc-0127ab939eda1255-exec-3'), ('05:47', 'sparktc-0127ab939eda1255-exec-4'), ('05:47', 'sparktc-0127ab939eda1255-exec-5'), ('05:47', 'sparktc-0127ab939eda1255-exec-6'), ('05:48', 'sparktc-0127ab939eda1255-exec-7'), ('05:48', 'sparktc-0127ab939eda1255-exec-8'), ('05:58', 'sparktc-0127ab939eda1255-exec-1'), ('05:58', 'sparktc-0127ab939eda1255-exec-2'), ('05:59', 'sparktc-0127ab939eda1255-exec-3'), ('05:59', 'sparktc-0127ab939eda1255-exec-4'), ('05:59', 'sparktc-0127ab939eda1255-exec-5'), ('06:00', 'sparktc-0127ab939eda1255-exec-6'), ('06:00', 'sparktc-0127ab939eda1255-exec-7'), ('06:00', 'sparktc-0127ab939eda1255-exec-8'), ('06:06', 'sparktc-0127ab939eda1255-exec-1'), ('06:06', 'sparktc-0127ab939eda1255-exec-2'), ('06:07', 'sparktc-0127ab939eda1255-exec-3'), ('06:07', 'sparktc-0127ab939eda1255-exec-4'), ('06:07', 'sparktc-0127ab939eda1255-exec-5'), ('06:07', 'sparktc-0127ab939eda1255-exec-6'), ('06:08', 'sparktc-0127ab939eda1255-exec-7'), ('06:08', 'sparktc-0127ab939eda1255-exec-8'), ('06:13', 'sparktc-0127ab939eda1255-exec-1'), ('06:13', 'sparktc-0127ab939eda1255-exec-2'), ('06:13', 'sparktc-0127ab939eda1255-exec-3'), ('06:13', 'sparktc-0127ab939eda1255-exec-4'), ('06:14', 'sparktc-0127ab939eda1255-exec-5'), ('06:14', 'sparktc-0127ab939eda1255-exec-6'), ('06:14', 'sparktc-0127ab939eda1255-exec-7'), ('06:14', 'sparktc-0127ab939eda1255-exec-8'), ('06:19', 'sparktc-0127ab939eda1255-exec-1'), ('06:20', 'sparktc-0127ab939eda1255-exec-2'), ('06:20', 'sparktc-0127ab939eda1255-exec-3'), ('06:20', 'sparktc-0127ab939eda1255-exec-4'), ('06:20', 'sparktc-0127ab939eda1255-exec-5'), ('06:20', 'sparktc-0127ab939eda1255-exec-6'), ('06:21', 'sparktc-0127ab939eda1255-exec-7'), ('06:21', 'sparktc-0127ab939eda1255-exec-8'), ('06:26', 'sparktc-0127ab939eda1255-exec-1'), ('06:26', 'sparktc-0127ab939eda1255-exec-2'), ('06:26', 'sparktc-0127ab939eda1255-exec-3'), ('06:27', 'sparktc-0127ab939eda1255-exec-4'), ('06:27', 'sparktc-0127ab939eda1255-exec-5'), ('06:27', 'sparktc-0127ab939eda1255-exec-6'), ('06:27', 'sparktc-0127ab939eda1255-exec-7'), ('06:28', 'sparktc-0127ab939eda1255-exec-8'), ('06:34', 'sparktc-0127ab939eda1255-exec-1'), ('06:34', 'sparktc-0127ab939eda1255-exec-2'), ('06:34', 'sparktc-0127ab939eda1255-exec-3'), ('06:34', 'sparktc-0127ab939eda1255-exec-4'), ('06:35', 'sparktc-0127ab939eda1255-exec-5'), ('06:35', 'sparktc-0127ab939eda1255-exec-6'), ('06:35', 'sparktc-0127ab939eda1255-exec-7'), ('06:35', 'sparktc-0127ab939eda1255-exec-8'), ('06:42', 'sparktc-0127ab939eda1255-exec-1'), ('06:42', 'sparktc-0127ab939eda1255-exec-2'), ('06:42', 'sparktc-0127ab939eda1255-exec-3'), ('06:42', 'sparktc-0127ab939eda1255-exec-4'), ('06:43', 'sparktc-0127ab939eda1255-exec-5'), ('06:43', 'sparktc-0127ab939eda1255-exec-6'), ('06:43', 'sparktc-0127ab939eda1255-exec-7'), ('06:43', 'sparktc-0127ab939eda1255-exec-8'), ('06:51', 'sparktc-0127ab939eda1255-exec-1'), ('06:51', 'sparktc-0127ab939eda1255-exec-2'), ('06:51', 'sparktc-0127ab939eda1255-exec-3'), ('06:51', 'sparktc-0127ab939eda1255-exec-4'), ('06:52', 'sparktc-0127ab939eda1255-exec-5'), ('06:52', 'sparktc-0127ab939eda1255-exec-6'), ('06:52', 'sparktc-0127ab939eda1255-exec-7'), ('06:52', 'sparktc-0127ab939eda1255-exec-8')]"
29,2024-12-07 02:02:15.306834,2024-12-07 02:07:44.743548,1871.7063333333365,"[('02:46', 'sparktc-cc69c3939edaa023-exec-1'), ('02:54', 'sparktc-cc69c3939edaa023-exec-1'), ('03:02', 'sparktc-cc69c3939edaa023-exec-1'), ('03:02', 'sparktc-cc69c3939edaa023-exec-2'), ('03:11', 'sparktc-cc69c3939edaa023-exec-1'), ('03:11', 'sparktc-cc69c3939edaa023-exec-2'), ('03:11', 'sparktc-cc69c3939edaa023-exec-3'), ('03:12', 'sparktc-cc69c3939edaa023-exec-4'), ('03:12', 'sparktc-cc69c3939edaa023-exec-5'), ('03:12', 'sparktc-cc69c3939edaa023-exec-6'), ('03:20', 'sparktc-cc69c3939edaa023-exec-1'), ('03:21', 'sparktc-cc69c3939edaa023-exec-2'), ('03:21', 'sparktc-cc69c3939edaa023-exec-3'), ('03:21', 'sparktc-cc69c3939edaa023-exec-4'), ('03:21', 'sparktc-cc69c3939edaa023-exec-5'), ('03:22', 'sparktc-cc69c3939edaa023-exec-6'), ('03:22', 'sparktc-cc69c3939edaa023-exec-7'), ('03:22', 'sparktc-cc69c3939edaa023-exec-8'), ('03:36', 'sparktc-cc69c3939edaa023-exec-1'), ('03:36', 'sparktc-cc69c3939edaa023-exec-2'), ('03:37', 'sparktc-cc69c3939edaa023-exec-3'), ('03:37', 'sparktc-cc69c3939edaa023-exec-4'), ('03:37', 'sparktc-cc69c3939edaa023-exec-5'), ('03:37', 'sparktc-cc69c3939edaa023-exec-6'), ('03:37', 'sparktc-cc69c3939edaa023-exec-7'), ('03:37', 'sparktc-cc69c3939edaa023-exec-8'), ('03:46', 'sparktc-cc69c3939edaa023-exec-1'), ('03:46', 'sparktc-cc69c3939edaa023-exec-2'), ('03:47', 'sparktc-cc69c3939edaa023-exec-3'), ('03:47', 'sparktc-cc69c3939edaa023-exec-4'), ('03:47', 'sparktc-cc69c3939edaa023-exec-5'), ('03:47', 'sparktc-cc69c3939edaa023-exec-6'), ('03:47', 'sparktc-cc69c3939edaa023-exec-7'), ('03:48', 'sparktc-cc69c3939edaa023-exec-8'), ('03:56', 'sparktc-cc69c3939edaa023-exec-1'), ('03:56', 'sparktc-cc69c3939edaa023-exec-2'), ('03:57', 'sparktc-cc69c3939edaa023-exec-3'), ('03:57', 'sparktc-cc69c3939edaa023-exec-4'), ('03:57', 'sparktc-cc69c3939edaa023-exec-5'), ('03:57', 'sparktc-cc69c3939edaa023-exec-6'), ('03:57', 'sparktc-cc69c3939edaa023-exec-7'), ('03:58', 'sparktc-cc69c3939edaa023-exec-8'), ('04:06', 'sparktc-cc69c3939edaa023-exec-1'), ('04:06', 'sparktc-cc69c3939edaa023-exec-2'), ('04:07', 'sparktc-cc69c3939edaa023-exec-3'), ('04:07', 'sparktc-cc69c3939edaa023-exec-4'), ('04:07', 'sparktc-cc69c3939edaa023-exec-5'), ('04:07', 'sparktc-cc69c3939edaa023-exec-6'), ('04:08', 'sparktc-cc69c3939edaa023-exec-7'), ('04:08', 'sparktc-cc69c3939edaa023-exec-8'), ('04:20', 'sparktc-cc69c3939edaa023-exec-1'), ('04:20', 'sparktc-cc69c3939edaa023-exec-2'), ('04:20', 'sparktc-cc69c3939edaa023-exec-3'), ('04:21', 'sparktc-cc69c3939edaa023-exec-4'), ('04:21', 'sparktc-cc69c3939edaa023-exec-5'), ('04:21', 'sparktc-cc69c3939edaa023-exec-6'), ('04:21', 'sparktc-cc69c3939edaa023-exec-7'), ('04:21', 'sparktc-cc69c3939edaa023-exec-8'), ('04:30', 'sparktc-cc69c3939edaa023-exec-1'), ('04:30', 'sparktc-cc69c3939edaa023-exec-2'), ('04:30', 'sparktc-cc69c3939edaa023-exec-3'), ('04:30', 'sparktc-cc69c3939edaa023-exec-4'), ('04:31', 'sparktc-cc69c3939edaa023-exec-5'), ('04:31', 'sparktc-cc69c3939edaa023-exec-6'), ('04:31', 'sparktc-cc69c3939edaa023-exec-7'), ('04:31', 'sparktc-cc69c3939edaa023-exec-8'), ('04:39', 'sparktc-cc69c3939edaa023-exec-1'), ('04:40', 'sparktc-cc69c3939edaa023-exec-2'), ('04:40', 'sparktc-cc69c3939edaa023-exec-3'), ('04:40', 'sparktc-cc69c3939edaa023-exec-4'), ('04:40', 'sparktc-cc69c3939edaa023-exec-5'), ('04:40', 'sparktc-cc69c3939edaa023-exec-6'), ('04:40', 'sparktc-cc69c3939edaa023-exec-7'), ('04:41', 'sparktc-cc69c3939edaa023-exec-8'), ('04:49', 'sparktc-cc69c3939edaa023-exec-1'), ('04:49', 'sparktc-cc69c3939edaa023-exec-2'), ('04:49', 'sparktc-cc69c3939edaa023-exec-3'), ('04:50', 'sparktc-cc69c3939edaa023-exec-4'), ('04:50', 'sparktc-cc69c3939edaa023-exec-5'), ('04:50', 'sparktc-cc69c3939edaa023-exec-6'), ('04:50', 'sparktc-cc69c3939edaa023-exec-7'), ('04:50', 'sparktc-cc69c3939edaa023-exec-8'), ('04:59', 'sparktc-cc69c3939edaa023-exec-1'), ('05:00', 'sparktc-cc69c3939edaa023-exec-2'), ('05:00', 'sparktc-cc69c3939edaa023-exec-3'), ('05:00', 'sparktc-cc69c3939edaa023-exec-4'), ('05:00', 'sparktc-cc69c3939edaa023-exec-5'), ('05:01', 'sparktc-cc69c3939edaa023-exec-6'), ('05:01', 'sparktc-cc69c3939edaa023-exec-7'), ('05:01', 'sparktc-cc69c3939edaa023-exec-8'), ('05:09', 'sparktc-cc69c3939edaa023-exec-1'), ('05:09', 'sparktc-cc69c3939edaa023-exec-2'), ('05:10', 'sparktc-cc69c3939edaa023-exec-3'), ('05:10', 'sparktc-cc69c3939edaa023-exec-4'), ('05:10', 'sparktc-cc69c3939edaa023-exec-5'), ('05:10', 'sparktc-cc69c3939edaa023-exec-6'), ('05:10', 'sparktc-cc69c3939edaa023-exec-7'), ('05:11', 'sparktc-cc69c3939edaa023-exec-8'), ('05:17', 'sparktc-cc69c3939edaa023-exec-1'), ('05:18', 'sparktc-cc69c3939edaa023-exec-2'), ('05:18', 'sparktc-cc69c3939edaa023-exec-3'), ('05:18', 'sparktc-cc69c3939edaa023-exec-4'), ('05:18', 'sparktc-cc69c3939edaa023-exec-5'), ('05:19', 'sparktc-cc69c3939edaa023-exec-6'), ('05:19', 'sparktc-cc69c3939edaa023-exec-7'), ('05:19', 'sparktc-cc69c3939edaa023-exec-8'), ('05:26', 'sparktc-cc69c3939edaa023-exec-1'), ('05:26', 'sparktc-cc69c3939edaa023-exec-2'), ('05:26', 'sparktc-cc69c3939edaa023-exec-3'), ('05:27', 'sparktc-cc69c3939edaa023-exec-4'), ('05:27', 'sparktc-cc69c3939edaa023-exec-5'), ('05:27', 'sparktc-cc69c3939edaa023-exec-6'), ('05:27', 'sparktc-cc69c3939edaa023-exec-7'), ('05:28', 'sparktc-cc69c3939edaa023-exec-8'), ('05:34', 'sparktc-cc69c3939edaa023-exec-1'), ('05:35', 'sparktc-cc69c3939edaa023-exec-2'), ('05:35', 'sparktc-cc69c3939edaa023-exec-3'), ('05:35', 'sparktc-cc69c3939edaa023-exec-4'), ('05:36', 'sparktc-cc69c3939edaa023-exec-5'), ('05:36', 'sparktc-cc69c3939edaa023-exec-6'), ('05:36', 'sparktc-cc69c3939edaa023-exec-7'), ('05:36', 'sparktc-cc69c3939edaa023-exec-8'), ('05:43', 'sparktc-cc69c3939edaa023-exec-1'), ('05:43', 'sparktc-cc69c3939edaa023-exec-2'), ('05:44', 'sparktc-cc69c3939edaa023-exec-3'), ('05:44', 'sparktc-cc69c3939edaa023-exec-4'), ('05:44', 'sparktc-cc69c3939edaa023-exec-5'), ('05:44', 'sparktc-cc69c3939edaa023-exec-6'), ('05:45', 'sparktc-cc69c3939edaa023-exec-7'), ('05:45', 'sparktc-cc69c3939edaa023-exec-8'), ('05:54', 'sparktc-cc69c3939edaa023-exec-1'), ('05:54', 'sparktc-cc69c3939edaa023-exec-2'), ('05:54', 'sparktc-cc69c3939edaa023-exec-3'), ('05:55', 'sparktc-cc69c3939edaa023-exec-4'), ('05:55', 'sparktc-cc69c3939edaa023-exec-5'), ('05:55', 'sparktc-cc69c3939edaa023-exec-6'), ('05:55', 'sparktc-cc69c3939edaa023-exec-7'), ('05:56', 'sparktc-cc69c3939edaa023-exec-8'), ('06:03', 'sparktc-cc69c3939edaa023-exec-1'), ('06:03', 'sparktc-cc69c3939edaa023-exec-2'), ('06:03', 'sparktc-cc69c3939edaa023-exec-3'), ('06:04', 'sparktc-cc69c3939edaa023-exec-4'), ('06:04', 'sparktc-cc69c3939edaa023-exec-5'), ('06:04', 'sparktc-cc69c3939edaa023-exec-6'), ('06:04', 'sparktc-cc69c3939edaa023-exec-7'), ('06:05', 'sparktc-cc69c3939edaa023-exec-8'), ('06:10', 'sparktc-cc69c3939edaa023-exec-1'), ('06:10', 'sparktc-cc69c3939edaa023-exec-2'), ('06:10', 'sparktc-cc69c3939edaa023-exec-3'), ('06:11', 'sparktc-cc69c3939edaa023-exec-4'), ('06:11', 'sparktc-cc69c3939edaa023-exec-5'), ('06:11', 'sparktc-cc69c3939edaa023-exec-6'), ('06:11', 'sparktc-cc69c3939edaa023-exec-7'), ('06:11', 'sparktc-cc69c3939edaa023-exec-8'), ('06:16', 'sparktc-cc69c3939edaa023-exec-1'), ('06:17', 'sparktc-cc69c3939edaa023-exec-2'), ('06:17', 'sparktc-cc69c3939edaa023-exec-3'), ('06:17', 'sparktc-cc69c3939edaa023-exec-4'), ('06:17', 'sparktc-cc69c3939edaa023-exec-5'), ('06:17', 'sparktc-cc69c3939edaa023-exec-6'), ('06:18', 'sparktc-cc69c3939edaa023-exec-7'), ('06:18', 'sparktc-cc69c3939edaa023-exec-8'), ('06:23', 'sparktc-cc69c3939edaa023-exec-1'), ('06:23', 'sparktc-cc69c3939edaa023-exec-2'), ('06:23', 'sparktc-cc69c3939edaa023-exec-3'), ('06:23', 'sparktc-cc69c3939edaa023-exec-4'), ('06:24', 'sparktc-cc69c3939edaa023-exec-5'), ('06:24', 'sparktc-cc69c3939edaa023-exec-6'), ('06:24', 'sparktc-cc69c3939edaa023-exec-7'), ('06:24', 'sparktc-cc69c3939edaa023-exec-8'), ('06:30', 'sparktc-cc69c3939edaa023-exec-1'), ('06:30', 'sparktc-cc69c3939edaa023-exec-2'), ('06:30', 'sparktc-cc69c3939edaa023-exec-3'), ('06:31', 'sparktc-cc69c3939edaa023-exec-4'), ('06:31', 'sparktc-cc69c3939edaa023-exec-5'), ('06:31', 'sparktc-cc69c3939edaa023-exec-6'), ('06:31', 'sparktc-cc69c3939edaa023-exec-7'), ('06:32', 'sparktc-cc69c3939edaa023-exec-8'), ('06:37', 'sparktc-cc69c3939edaa023-exec-1'), ('06:38', 'sparktc-cc69c3939edaa023-exec-2'), ('06:38', 'sparktc-cc69c3939edaa023-exec-3'), ('06:38', 'sparktc-cc69c3939edaa023-exec-4'), ('06:39', 'sparktc-cc69c3939edaa023-exec-5'), ('06:39', 'sparktc-cc69c3939edaa023-exec-6'), ('06:39', 'sparktc-cc69c3939edaa023-exec-7'), ('06:39', 'sparktc-cc69c3939edaa023-exec-8'), ('06:45', 'sparktc-cc69c3939edaa023-exec-1'), ('06:45', 'sparktc-cc69c3939edaa023-exec-2'), ('06:46', 'sparktc-cc69c3939edaa023-exec-3'), ('06:46', 'sparktc-cc69c3939edaa023-exec-4'), ('06:46', 'sparktc-cc69c3939edaa023-exec-5'), ('06:46', 'sparktc-cc69c3939edaa023-exec-6'), ('06:47', 'sparktc-cc69c3939edaa023-exec-7'), ('06:47', 'sparktc-cc69c3939edaa023-exec-8'), ('06:55', 'sparktc-cc69c3939edaa023-exec-1'), ('06:55', 'sparktc-cc69c3939edaa023-exec-2'), ('06:55', 'sparktc-cc69c3939edaa023-exec-3'), ('06:55', 'sparktc-cc69c3939edaa023-exec-4'), ('06:56', 'sparktc-cc69c3939edaa023-exec-5'), ('06:56', 'sparktc-cc69c3939edaa023-exec-6'), ('06:56', 'sparktc-cc69c3939edaa023-exec-7'), ('06:56', 'sparktc-cc69c3939edaa023-exec-8'), ('07:04', 'sparktc-cc69c3939edaa023-exec-1'), ('07:04', 'sparktc-cc69c3939edaa023-exec-2'), ('07:04', 'sparktc-cc69c3939edaa023-exec-3'), ('07:05', 'sparktc-cc69c3939edaa023-exec-4'), ('07:05', 'sparktc-cc69c3939edaa023-exec-5'), ('07:05', 'sparktc-cc69c3939edaa023-exec-6'), ('07:05', 'sparktc-cc69c3939edaa023-exec-7'), ('07:05', 'sparktc-cc69c3939edaa023-exec-8'), ('07:13', 'sparktc-cc69c3939edaa023-exec-1'), ('07:13', 'sparktc-cc69c3939edaa023-exec-2'), ('07:13', 'sparktc-cc69c3939edaa023-exec-3'), ('07:13', 'sparktc-cc69c3939edaa023-exec-4'), ('07:14', 'sparktc-cc69c3939edaa023-exec-5'), ('07:14', 'sparktc-cc69c3939edaa023-exec-6'), ('07:14', 'sparktc-cc69c3939edaa023-exec-7'), ('07:14', 'sparktc-cc69c3939edaa023-exec-8'), ('07:21', 'sparktc-cc69c3939edaa023-exec-1'), ('07:21', 'sparktc-cc69c3939edaa023-exec-2'), ('07:21', 'sparktc-cc69c3939edaa023-exec-3'), ('07:22', 'sparktc-cc69c3939edaa023-exec-4'), ('07:22', 'sparktc-cc69c3939edaa023-exec-5'), ('07:22', 'sparktc-cc69c3939edaa023-exec-6'), ('07:22', 'sparktc-cc69c3939edaa023-exec-7'), ('07:22', 'sparktc-cc69c3939edaa023-exec-8'), ('07:29', 'sparktc-cc69c3939edaa023-exec-1'), ('07:29', 'sparktc-cc69c3939edaa023-exec-2'), ('07:30', 'sparktc-cc69c3939edaa023-exec-3'), ('07:30', 'sparktc-cc69c3939edaa023-exec-4'), ('07:30', 'sparktc-cc69c3939edaa023-exec-5'), ('07:30', 'sparktc-cc69c3939edaa023-exec-6'), ('07:30', 'sparktc-cc69c3939edaa023-exec-7'), ('07:31', 'sparktc-cc69c3939edaa023-exec-8'), ('07:38', 'sparktc-cc69c3939edaa023-exec-1'), ('07:38', 'sparktc-cc69c3939edaa023-exec-2'), ('07:38', 'sparktc-cc69c3939edaa023-exec-3'), ('07:38', 'sparktc-cc69c3939edaa023-exec-4'), ('07:39', 'sparktc-cc69c3939edaa023-exec-5'), ('07:39', 'sparktc-cc69c3939edaa023-exec-6'), ('07:39', 'sparktc-cc69c3939edaa023-exec-7'), ('07:39', 'sparktc-cc69c3939edaa023-exec-8')]"
30,2024-12-07 02:05:02.450059,2024-12-07 02:09:38.403520,1593.6778333333364,"[('05:26', 'sparktc-b6ae8b939edd2ad4-exec-1'), ('05:34', 'sparktc-b6ae8b939edd2ad4-exec-1'), ('05:43', 'sparktc-b6ae8b939edd2ad4-exec-1'), ('05:43', 'sparktc-b6ae8b939edd2ad4-exec-2'), ('05:43', 'sparktc-b6ae8b939edd2ad4-exec-3'), ('05:52', 'sparktc-b6ae8b939edd2ad4-exec-1'), ('05:52', 'sparktc-b6ae8b939edd2ad4-exec-2'), ('05:53', 'sparktc-b6ae8b939edd2ad4-exec-3'), ('05:53', 'sparktc-b6ae8b939edd2ad4-exec-4'), ('05:53', 'sparktc-b6ae8b939edd2ad4-exec-5'), ('05:53', 'sparktc-b6ae8b939edd2ad4-exec-6'), ('05:54', 'sparktc-b6ae8b939edd2ad4-exec-7'), ('06:00', 'sparktc-b6ae8b939edd2ad4-exec-1'), ('06:01', 'sparktc-b6ae8b939edd2ad4-exec-2'), ('06:01', 'sparktc-b6ae8b939edd2ad4-exec-3'), ('06:01', 'sparktc-b6ae8b939edd2ad4-exec-4'), ('06:01', 'sparktc-b6ae8b939edd2ad4-exec-5'), ('06:02', 'sparktc-b6ae8b939edd2ad4-exec-6'), ('06:02', 'sparktc-b6ae8b939edd2ad4-exec-7'), ('06:02', 'sparktc-b6ae8b939edd2ad4-exec-8'), ('06:08', 'sparktc-b6ae8b939edd2ad4-exec-1'), ('06:08', 'sparktc-b6ae8b939edd2ad4-exec-2'), ('06:09', 'sparktc-b6ae8b939edd2ad4-exec-3'), ('06:09', 'sparktc-b6ae8b939edd2ad4-exec-4'), ('06:09', 'sparktc-b6ae8b939edd2ad4-exec-5'), ('06:09', 'sparktc-b6ae8b939edd2ad4-exec-6'), ('06:10', 'sparktc-b6ae8b939edd2ad4-exec-7'), ('06:10', 'sparktc-b6ae8b939edd2ad4-exec-8'), ('06:15', 'sparktc-b6ae8b939edd2ad4-exec-1'), ('06:15', 'sparktc-b6ae8b939edd2ad4-exec-2'), ('06:15', 'sparktc-b6ae8b939edd2ad4-exec-3'), ('06:15', 'sparktc-b6ae8b939edd2ad4-exec-4'), ('06:15', 'sparktc-b6ae8b939edd2ad4-exec-5'), ('06:16', 'sparktc-b6ae8b939edd2ad4-exec-6'), ('06:16', 'sparktc-b6ae8b939edd2ad4-exec-7'), ('06:16', 'sparktc-b6ae8b939edd2ad4-exec-8'), ('06:21', 'sparktc-b6ae8b939edd2ad4-exec-1'), ('06:21', 'sparktc-b6ae8b939edd2ad4-exec-2'), ('06:21', 'sparktc-b6ae8b939edd2ad4-exec-3'), ('06:22', 'sparktc-b6ae8b939edd2ad4-exec-4'), ('06:22', 'sparktc-b6ae8b939edd2ad4-exec-5'), ('06:22', 'sparktc-b6ae8b939edd2ad4-exec-6'), ('06:22', 'sparktc-b6ae8b939edd2ad4-exec-7'), ('06:22', 'sparktc-b6ae8b939edd2ad4-exec-8'), ('06:28', 'sparktc-b6ae8b939edd2ad4-exec-1'), ('06:28', 'sparktc-b6ae8b939edd2ad4-exec-2'), ('06:29', 'sparktc-b6ae8b939edd2ad4-exec-3'), ('06:29', 'sparktc-b6ae8b939edd2ad4-exec-4'), ('06:29', 'sparktc-b6ae8b939edd2ad4-exec-5'), ('06:29', 'sparktc-b6ae8b939edd2ad4-exec-6'), ('06:30', 'sparktc-b6ae8b939edd2ad4-exec-7'), ('06:30', 'sparktc-b6ae8b939edd2ad4-exec-8'), ('06:36', 'sparktc-b6ae8b939edd2ad4-exec-1'), ('06:36', 'sparktc-b6ae8b939edd2ad4-exec-2'), ('06:36', 'sparktc-b6ae8b939edd2ad4-exec-3'), ('06:36', 'sparktc-b6ae8b939edd2ad4-exec-4'), ('06:37', 'sparktc-b6ae8b939edd2ad4-exec-5'), ('06:37', 'sparktc-b6ae8b939edd2ad4-exec-6'), ('06:37', 'sparktc-b6ae8b939edd2ad4-exec-7'), ('06:37', 'sparktc-b6ae8b939edd2ad4-exec-8'), ('06:43', 'sparktc-b6ae8b939edd2ad4-exec-1'), ('06:44', 'sparktc-b6ae8b939edd2ad4-exec-2'), ('06:44', 'sparktc-b6ae8b939edd2ad4-exec-3'), ('06:44', 'sparktc-b6ae8b939edd2ad4-exec-4'), ('06:44', 'sparktc-b6ae8b939edd2ad4-exec-5'), ('06:45', 'sparktc-b6ae8b939edd2ad4-exec-6'), ('06:45', 'sparktc-b6ae8b939edd2ad4-exec-7'), ('06:45', 'sparktc-b6ae8b939edd2ad4-exec-8'), ('06:53', 'sparktc-b6ae8b939edd2ad4-exec-1'), ('06:53', 'sparktc-b6ae8b939edd2ad4-exec-2'), ('06:53', 'sparktc-b6ae8b939edd2ad4-exec-3'), ('06:53', 'sparktc-b6ae8b939edd2ad4-exec-4'), ('06:54', 'sparktc-b6ae8b939edd2ad4-exec-5'), ('06:54', 'sparktc-b6ae8b939edd2ad4-exec-6'), ('06:54', 'sparktc-b6ae8b939edd2ad4-exec-7'), ('06:55', 'sparktc-b6ae8b939edd2ad4-exec-8'), ('07:02', 'sparktc-b6ae8b939edd2ad4-exec-1'), ('07:02', 'sparktc-b6ae8b939edd2ad4-exec-2'), ('07:02', 'sparktc-b6ae8b939edd2ad4-exec-3'), ('07:02', 'sparktc-b6ae8b939edd2ad4-exec-4'), ('07:03', 'sparktc-b6ae8b939edd2ad4-exec-5'), ('07:03', 'sparktc-b6ae8b939edd2ad4-exec-6'), ('07:03', 'sparktc-b6ae8b939edd2ad4-exec-7'), ('07:03', 'sparktc-b6ae8b939edd2ad4-exec-8'), ('07:11', 'sparktc-b6ae8b939edd2ad4-exec-1'), ('07:11', 'sparktc-b6ae8b939edd2ad4-exec-2'), ('07:11', 'sparktc-b6ae8b939edd2ad4-exec-3'), ('07:11', 'sparktc-b6ae8b939edd2ad4-exec-4'), ('07:12', 'sparktc-b6ae8b939edd2ad4-exec-5'), ('07:12', 'sparktc-b6ae8b939edd2ad4-exec-6'), ('07:12', 'sparktc-b6ae8b939edd2ad4-exec-7'), ('07:12', 'sparktc-b6ae8b939edd2ad4-exec-8'), ('07:19', 'sparktc-b6ae8b939edd2ad4-exec-1'), ('07:19', 'sparktc-b6ae8b939edd2ad4-exec-2'), ('07:20', 'sparktc-b6ae8b939edd2ad4-exec-3'), ('07:20', 'sparktc-b6ae8b939edd2ad4-exec-4'), ('07:20', 'sparktc-b6ae8b939edd2ad4-exec-5'), ('07:20', 'sparktc-b6ae8b939edd2ad4-exec-6'), ('07:21', 'sparktc-b6ae8b939edd2ad4-exec-7'), ('07:21', 'sparktc-b6ae8b939edd2ad4-exec-8'), ('07:27', 'sparktc-b6ae8b939edd2ad4-exec-1'), ('07:28', 'sparktc-b6ae8b939edd2ad4-exec-2'), ('07:28', 'sparktc-b6ae8b939edd2ad4-exec-3'), ('07:28', 'sparktc-b6ae8b939edd2ad4-exec-4'), ('07:28', 'sparktc-b6ae8b939edd2ad4-exec-5'), ('07:28', 'sparktc-b6ae8b939edd2ad4-exec-6'), ('07:29', 'sparktc-b6ae8b939edd2ad4-exec-7'), ('07:29', 'sparktc-b6ae8b939edd2ad4-exec-8'), ('07:36', 'sparktc-b6ae8b939edd2ad4-exec-1'), ('07:36', 'sparktc-b6ae8b939edd2ad4-exec-2'), ('07:37', 'sparktc-b6ae8b939edd2ad4-exec-3'), ('07:37', 'sparktc-b6ae8b939edd2ad4-exec-4'), ('07:37', 'sparktc-b6ae8b939edd2ad4-exec-5'), ('07:37', 'sparktc-b6ae8b939edd2ad4-exec-6'), ('07:37', 'sparktc-b6ae8b939edd2ad4-exec-7'), ('07:38', 'sparktc-b6ae8b939edd2ad4-exec-8'), ('07:47', 'sparktc-b6ae8b939edd2ad4-exec-1'), ('07:47', 'sparktc-b6ae8b939edd2ad4-exec-2'), ('07:47', 'sparktc-b6ae8b939edd2ad4-exec-3'), ('07:47', 'sparktc-b6ae8b939edd2ad4-exec-4'), ('07:47', 'sparktc-b6ae8b939edd2ad4-exec-5'), ('07:48', 'sparktc-b6ae8b939edd2ad4-exec-6'), ('07:48', 'sparktc-b6ae8b939edd2ad4-exec-7'), ('07:48', 'sparktc-b6ae8b939edd2ad4-exec-8'), ('07:57', 'sparktc-b6ae8b939edd2ad4-exec-1'), ('07:57', 'sparktc-b6ae8b939edd2ad4-exec-2'), ('07:57', 'sparktc-b6ae8b939edd2ad4-exec-3'), ('07:57', 'sparktc-b6ae8b939edd2ad4-exec-4'), ('07:58', 'sparktc-b6ae8b939edd2ad4-exec-5'), ('07:58', 'sparktc-b6ae8b939edd2ad4-exec-6'), ('07:58', 'sparktc-b6ae8b939edd2ad4-exec-7'), ('07:58', 'sparktc-b6ae8b939edd2ad4-exec-8'), ('08:05', 'sparktc-b6ae8b939edd2ad4-exec-1'), ('08:05', 'sparktc-b6ae8b939edd2ad4-exec-2'), ('08:05', 'sparktc-b6ae8b939edd2ad4-exec-3'), ('08:06', 'sparktc-b6ae8b939edd2ad4-exec-4'), ('08:06', 'sparktc-b6ae8b939edd2ad4-exec-5'), ('08:06', 'sparktc-b6ae8b939edd2ad4-exec-6'), ('08:06', 'sparktc-b6ae8b939edd2ad4-exec-7'), ('08:06', 'sparktc-b6ae8b939edd2ad4-exec-8'), ('08:13', 'sparktc-b6ae8b939edd2ad4-exec-1'), ('08:14', 'sparktc-b6ae8b939edd2ad4-exec-2'), ('08:14', 'sparktc-b6ae8b939edd2ad4-exec-3'), ('08:14', 'sparktc-b6ae8b939edd2ad4-exec-4'), ('08:14', 'sparktc-b6ae8b939edd2ad4-exec-5'), ('08:15', 'sparktc-b6ae8b939edd2ad4-exec-6'), ('08:15', 'sparktc-b6ae8b939edd2ad4-exec-7'), ('08:15', 'sparktc-b6ae8b939edd2ad4-exec-8'), ('08:22', 'sparktc-b6ae8b939edd2ad4-exec-1'), ('08:22', 'sparktc-b6ae8b939edd2ad4-exec-2'), ('08:23', 'sparktc-b6ae8b939edd2ad4-exec-3'), ('08:23', 'sparktc-b6ae8b939edd2ad4-exec-4'), ('08:23', 'sparktc-b6ae8b939edd2ad4-exec-5'), ('08:23', 'sparktc-b6ae8b939edd2ad4-exec-6'), ('08:24', 'sparktc-b6ae8b939edd2ad4-exec-7'), ('08:24', 'sparktc-b6ae8b939edd2ad4-exec-8'), ('08:31', 'sparktc-b6ae8b939edd2ad4-exec-1'), ('08:32', 'sparktc-b6ae8b939edd2ad4-exec-2'), ('08:32', 'sparktc-b6ae8b939edd2ad4-exec-3'), ('08:32', 'sparktc-b6ae8b939edd2ad4-exec-4'), ('08:32', 'sparktc-b6ae8b939edd2ad4-exec-5'), ('08:33', 'sparktc-b6ae8b939edd2ad4-exec-6'), ('08:33', 'sparktc-b6ae8b939edd2ad4-exec-7'), ('08:33', 'sparktc-b6ae8b939edd2ad4-exec-8'), ('08:42', 'sparktc-b6ae8b939edd2ad4-exec-1'), ('08:42', 'sparktc-b6ae8b939edd2ad4-exec-2'), ('08:42', 'sparktc-b6ae8b939edd2ad4-exec-3'), ('08:42', 'sparktc-b6ae8b939edd2ad4-exec-4'), ('08:42', 'sparktc-b6ae8b939edd2ad4-exec-5'), ('08:43', 'sparktc-b6ae8b939edd2ad4-exec-6'), ('08:43', 'sparktc-b6ae8b939edd2ad4-exec-7'), ('08:43', 'sparktc-b6ae8b939edd2ad4-exec-8'), ('08:52', 'sparktc-b6ae8b939edd2ad4-exec-1'), ('08:52', 'sparktc-b6ae8b939edd2ad4-exec-2'), ('08:52', 'sparktc-b6ae8b939edd2ad4-exec-3'), ('08:52', 'sparktc-b6ae8b939edd2ad4-exec-4'), ('08:52', 'sparktc-b6ae8b939edd2ad4-exec-5'), ('08:53', 'sparktc-b6ae8b939edd2ad4-exec-6'), ('08:53', 'sparktc-b6ae8b939edd2ad4-exec-7'), ('08:53', 'sparktc-b6ae8b939edd2ad4-exec-8'), ('09:02', 'sparktc-b6ae8b939edd2ad4-exec-1'), ('09:02', 'sparktc-b6ae8b939edd2ad4-exec-2'), ('09:02', 'sparktc-b6ae8b939edd2ad4-exec-3'), ('09:02', 'sparktc-b6ae8b939edd2ad4-exec-4'), ('09:03', 'sparktc-b6ae8b939edd2ad4-exec-5'), ('09:03', 'sparktc-b6ae8b939edd2ad4-exec-6'), ('09:03', 'sparktc-b6ae8b939edd2ad4-exec-7'), ('09:03', 'sparktc-b6ae8b939edd2ad4-exec-8'), ('09:12', 'sparktc-b6ae8b939edd2ad4-exec-1'), ('09:12', 'sparktc-b6ae8b939edd2ad4-exec-2'), ('09:12', 'sparktc-b6ae8b939edd2ad4-exec-3'), ('09:12', 'sparktc-b6ae8b939edd2ad4-exec-4'), ('09:12', 'sparktc-b6ae8b939edd2ad4-exec-5'), ('09:13', 'sparktc-b6ae8b939edd2ad4-exec-6'), ('09:13', 'sparktc-b6ae8b939edd2ad4-exec-7'), ('09:13', 'sparktc-b6ae8b939edd2ad4-exec-8'), ('09:22', 'sparktc-b6ae8b939edd2ad4-exec-1'), ('09:22', 'sparktc-b6ae8b939edd2ad4-exec-2'), ('09:22', 'sparktc-b6ae8b939edd2ad4-exec-3'), ('09:22', 'sparktc-b6ae8b939edd2ad4-exec-4'), ('09:23', 'sparktc-b6ae8b939edd2ad4-exec-5'), ('09:23', 'sparktc-b6ae8b939edd2ad4-exec-6'), ('09:23', 'sparktc-b6ae8b939edd2ad4-exec-7'), ('09:23', 'sparktc-b6ae8b939edd2ad4-exec-8')]"
31,2024-12-07 02:05:57.045235,2024-12-07 02:11:23.334867,1871.019333333329,"[('06:25', 'sparktc-f06e21939ede0649-exec-1'), ('06:32', 'sparktc-f06e21939ede0649-exec-1'), ('06:40', 'sparktc-f06e21939ede0649-exec-1'), ('06:40', 'sparktc-f06e21939ede0649-exec-2'), ('06:48', 'sparktc-f06e21939ede0649-exec-1'), ('06:48', 'sparktc-f06e21939ede0649-exec-2'), ('06:49', 'sparktc-f06e21939ede0649-exec-3'), ('06:49', 'sparktc-f06e21939ede0649-exec-4'), ('06:49', 'sparktc-f06e21939ede0649-exec-5'), ('06:49', 'sparktc-f06e21939ede0649-exec-6'), ('06:58', 'sparktc-f06e21939ede0649-exec-1'), ('06:58', 'sparktc-f06e21939ede0649-exec-2'), ('06:59', 'sparktc-f06e21939ede0649-exec-3'), ('06:59', 'sparktc-f06e21939ede0649-exec-4'), ('06:59', 'sparktc-f06e21939ede0649-exec-5'), ('06:59', 'sparktc-f06e21939ede0649-exec-6'), ('07:00', 'sparktc-f06e21939ede0649-exec-7'), ('07:00', 'sparktc-f06e21939ede0649-exec-8'), ('07:08', 'sparktc-f06e21939ede0649-exec-1'), ('07:08', 'sparktc-f06e21939ede0649-exec-2'), ('07:08', 'sparktc-f06e21939ede0649-exec-3'), ('07:08', 'sparktc-f06e21939ede0649-exec-4'), ('07:09', 'sparktc-f06e21939ede0649-exec-5'), ('07:09', 'sparktc-f06e21939ede0649-exec-6'), ('07:09', 'sparktc-f06e21939ede0649-exec-7'), ('07:09', 'sparktc-f06e21939ede0649-exec-8'), ('07:16', 'sparktc-f06e21939ede0649-exec-1'), ('07:16', 'sparktc-f06e21939ede0649-exec-2'), ('07:16', 'sparktc-f06e21939ede0649-exec-3'), ('07:17', 'sparktc-f06e21939ede0649-exec-4'), ('07:17', 'sparktc-f06e21939ede0649-exec-5'), ('07:17', 'sparktc-f06e21939ede0649-exec-6'), ('07:17', 'sparktc-f06e21939ede0649-exec-7'), ('07:18', 'sparktc-f06e21939ede0649-exec-8'), ('07:24', 'sparktc-f06e21939ede0649-exec-1'), ('07:24', 'sparktc-f06e21939ede0649-exec-2'), ('07:25', 'sparktc-f06e21939ede0649-exec-3'), ('07:25', 'sparktc-f06e21939ede0649-exec-4'), ('07:25', 'sparktc-f06e21939ede0649-exec-5'), ('07:25', 'sparktc-f06e21939ede0649-exec-6'), ('07:25', 'sparktc-f06e21939ede0649-exec-7'), ('07:26', 'sparktc-f06e21939ede0649-exec-8'), ('07:33', 'sparktc-f06e21939ede0649-exec-1'), ('07:33', 'sparktc-f06e21939ede0649-exec-2'), ('07:33', 'sparktc-f06e21939ede0649-exec-3'), ('07:33', 'sparktc-f06e21939ede0649-exec-4'), ('07:34', 'sparktc-f06e21939ede0649-exec-5'), ('07:34', 'sparktc-f06e21939ede0649-exec-6'), ('07:34', 'sparktc-f06e21939ede0649-exec-7'), ('07:34', 'sparktc-f06e21939ede0649-exec-8'), ('07:42', 'sparktc-f06e21939ede0649-exec-1'), ('07:42', 'sparktc-f06e21939ede0649-exec-2'), ('07:42', 'sparktc-f06e21939ede0649-exec-3'), ('07:42', 'sparktc-f06e21939ede0649-exec-4'), ('07:43', 'sparktc-f06e21939ede0649-exec-5'), ('07:43', 'sparktc-f06e21939ede0649-exec-6'), ('07:43', 'sparktc-f06e21939ede0649-exec-7'), ('07:43', 'sparktc-f06e21939ede0649-exec-8'), ('07:51', 'sparktc-f06e21939ede0649-exec-1'), ('07:52', 'sparktc-f06e21939ede0649-exec-2'), ('07:52', 'sparktc-f06e21939ede0649-exec-3'), ('07:52', 'sparktc-f06e21939ede0649-exec-4'), ('07:53', 'sparktc-f06e21939ede0649-exec-5'), ('07:53', 'sparktc-f06e21939ede0649-exec-6'), ('07:53', 'sparktc-f06e21939ede0649-exec-7'), ('07:53', 'sparktc-f06e21939ede0649-exec-8'), ('08:00', 'sparktc-f06e21939ede0649-exec-1'), ('08:00', 'sparktc-f06e21939ede0649-exec-2'), ('08:01', 'sparktc-f06e21939ede0649-exec-3'), ('08:01', 'sparktc-f06e21939ede0649-exec-4'), ('08:01', 'sparktc-f06e21939ede0649-exec-5'), ('08:01', 'sparktc-f06e21939ede0649-exec-6'), ('08:02', 'sparktc-f06e21939ede0649-exec-7'), ('08:02', 'sparktc-f06e21939ede0649-exec-8'), ('08:08', 'sparktc-f06e21939ede0649-exec-1'), ('08:09', 'sparktc-f06e21939ede0649-exec-2'), ('08:09', 'sparktc-f06e21939ede0649-exec-3'), ('08:09', 'sparktc-f06e21939ede0649-exec-4'), ('08:09', 'sparktc-f06e21939ede0649-exec-5'), ('08:10', 'sparktc-f06e21939ede0649-exec-6'), ('08:10', 'sparktc-f06e21939ede0649-exec-7'), ('08:10', 'sparktc-f06e21939ede0649-exec-8'), ('08:17', 'sparktc-f06e21939ede0649-exec-1'), ('08:17', 'sparktc-f06e21939ede0649-exec-2'), ('08:17', 'sparktc-f06e21939ede0649-exec-3'), ('08:18', 'sparktc-f06e21939ede0649-exec-4'), ('08:18', 'sparktc-f06e21939ede0649-exec-5'), ('08:18', 'sparktc-f06e21939ede0649-exec-6'), ('08:18', 'sparktc-f06e21939ede0649-exec-7'), ('08:18', 'sparktc-f06e21939ede0649-exec-8'), ('08:26', 'sparktc-f06e21939ede0649-exec-1'), ('08:26', 'sparktc-f06e21939ede0649-exec-2'), ('08:26', 'sparktc-f06e21939ede0649-exec-3'), ('08:26', 'sparktc-f06e21939ede0649-exec-4'), ('08:27', 'sparktc-f06e21939ede0649-exec-5'), ('08:27', 'sparktc-f06e21939ede0649-exec-6'), ('08:27', 'sparktc-f06e21939ede0649-exec-7'), ('08:27', 'sparktc-f06e21939ede0649-exec-8'), ('08:35', 'sparktc-f06e21939ede0649-exec-1'), ('08:35', 'sparktc-f06e21939ede0649-exec-2'), ('08:36', 'sparktc-f06e21939ede0649-exec-3'), ('08:36', 'sparktc-f06e21939ede0649-exec-4'), ('08:36', 'sparktc-f06e21939ede0649-exec-5'), ('08:36', 'sparktc-f06e21939ede0649-exec-6'), ('08:36', 'sparktc-f06e21939ede0649-exec-7'), ('08:37', 'sparktc-f06e21939ede0649-exec-8'), ('08:45', 'sparktc-f06e21939ede0649-exec-1'), ('08:45', 'sparktc-f06e21939ede0649-exec-2'), ('08:45', 'sparktc-f06e21939ede0649-exec-3'), ('08:46', 'sparktc-f06e21939ede0649-exec-4'), ('08:46', 'sparktc-f06e21939ede0649-exec-5'), ('08:46', 'sparktc-f06e21939ede0649-exec-6'), ('08:46', 'sparktc-f06e21939ede0649-exec-7'), ('08:46', 'sparktc-f06e21939ede0649-exec-8'), ('08:55', 'sparktc-f06e21939ede0649-exec-1'), ('08:55', 'sparktc-f06e21939ede0649-exec-2'), ('08:56', 'sparktc-f06e21939ede0649-exec-3'), ('08:56', 'sparktc-f06e21939ede0649-exec-4'), ('08:56', 'sparktc-f06e21939ede0649-exec-5'), ('08:56', 'sparktc-f06e21939ede0649-exec-6'), ('08:56', 'sparktc-f06e21939ede0649-exec-7'), ('08:57', 'sparktc-f06e21939ede0649-exec-8'), ('09:05', 'sparktc-f06e21939ede0649-exec-1'), ('09:05', 'sparktc-f06e21939ede0649-exec-2'), ('09:06', 'sparktc-f06e21939ede0649-exec-3'), ('09:06', 'sparktc-f06e21939ede0649-exec-4'), ('09:06', 'sparktc-f06e21939ede0649-exec-5'), ('09:06', 'sparktc-f06e21939ede0649-exec-6'), ('09:06', 'sparktc-f06e21939ede0649-exec-7'), ('09:07', 'sparktc-f06e21939ede0649-exec-8'), ('09:15', 'sparktc-f06e21939ede0649-exec-1'), ('09:15', 'sparktc-f06e21939ede0649-exec-2'), ('09:16', 'sparktc-f06e21939ede0649-exec-3'), ('09:16', 'sparktc-f06e21939ede0649-exec-4'), ('09:16', 'sparktc-f06e21939ede0649-exec-5'), ('09:16', 'sparktc-f06e21939ede0649-exec-6'), ('09:16', 'sparktc-f06e21939ede0649-exec-7'), ('09:17', 'sparktc-f06e21939ede0649-exec-8'), ('09:25', 'sparktc-f06e21939ede0649-exec-1'), ('09:25', 'sparktc-f06e21939ede0649-exec-2'), ('09:26', 'sparktc-f06e21939ede0649-exec-3'), ('09:26', 'sparktc-f06e21939ede0649-exec-4'), ('09:26', 'sparktc-f06e21939ede0649-exec-5'), ('09:26', 'sparktc-f06e21939ede0649-exec-6'), ('09:26', 'sparktc-f06e21939ede0649-exec-7'), ('09:27', 'sparktc-f06e21939ede0649-exec-8'), ('09:35', 'sparktc-f06e21939ede0649-exec-1'), ('09:36', 'sparktc-f06e21939ede0649-exec-2'), ('09:36', 'sparktc-f06e21939ede0649-exec-3'), ('09:36', 'sparktc-f06e21939ede0649-exec-4'), ('09:36', 'sparktc-f06e21939ede0649-exec-5'), ('09:37', 'sparktc-f06e21939ede0649-exec-6'), ('09:37', 'sparktc-f06e21939ede0649-exec-7'), ('09:37', 'sparktc-f06e21939ede0649-exec-8'), ('09:45', 'sparktc-f06e21939ede0649-exec-1'), ('09:45', 'sparktc-f06e21939ede0649-exec-2'), ('09:46', 'sparktc-f06e21939ede0649-exec-3'), ('09:46', 'sparktc-f06e21939ede0649-exec-4'), ('09:46', 'sparktc-f06e21939ede0649-exec-5'), ('09:46', 'sparktc-f06e21939ede0649-exec-6'), ('09:46', 'sparktc-f06e21939ede0649-exec-7'), ('09:47', 'sparktc-f06e21939ede0649-exec-8'), ('09:53', 'sparktc-f06e21939ede0649-exec-1'), ('09:54', 'sparktc-f06e21939ede0649-exec-2'), ('09:54', 'sparktc-f06e21939ede0649-exec-3'), ('09:54', 'sparktc-f06e21939ede0649-exec-4'), ('09:54', 'sparktc-f06e21939ede0649-exec-5'), ('09:54', 'sparktc-f06e21939ede0649-exec-6'), ('09:55', 'sparktc-f06e21939ede0649-exec-7'), ('09:55', 'sparktc-f06e21939ede0649-exec-8'), ('10:01', 'sparktc-f06e21939ede0649-exec-1'), ('10:01', 'sparktc-f06e21939ede0649-exec-2'), ('10:02', 'sparktc-f06e21939ede0649-exec-3'), ('10:02', 'sparktc-f06e21939ede0649-exec-4'), ('10:02', 'sparktc-f06e21939ede0649-exec-5'), ('10:02', 'sparktc-f06e21939ede0649-exec-6'), ('10:02', 'sparktc-f06e21939ede0649-exec-7'), ('10:03', 'sparktc-f06e21939ede0649-exec-8'), ('10:10', 'sparktc-f06e21939ede0649-exec-1'), ('10:10', 'sparktc-f06e21939ede0649-exec-2'), ('10:10', 'sparktc-f06e21939ede0649-exec-3'), ('10:10', 'sparktc-f06e21939ede0649-exec-4'), ('10:10', 'sparktc-f06e21939ede0649-exec-5'), ('10:11', 'sparktc-f06e21939ede0649-exec-6'), ('10:11', 'sparktc-f06e21939ede0649-exec-7'), ('10:11', 'sparktc-f06e21939ede0649-exec-8'), ('10:18', 'sparktc-f06e21939ede0649-exec-1'), ('10:18', 'sparktc-f06e21939ede0649-exec-2'), ('10:18', 'sparktc-f06e21939ede0649-exec-3'), ('10:19', 'sparktc-f06e21939ede0649-exec-4'), ('10:19', 'sparktc-f06e21939ede0649-exec-5'), ('10:19', 'sparktc-f06e21939ede0649-exec-6'), ('10:19', 'sparktc-f06e21939ede0649-exec-7'), ('10:19', 'sparktc-f06e21939ede0649-exec-8'), ('10:27', 'sparktc-f06e21939ede0649-exec-1'), ('10:27', 'sparktc-f06e21939ede0649-exec-2'), ('10:27', 'sparktc-f06e21939ede0649-exec-3'), ('10:28', 'sparktc-f06e21939ede0649-exec-4'), ('10:28', 'sparktc-f06e21939ede0649-exec-5'), ('10:28', 'sparktc-f06e21939ede0649-exec-6'), ('10:28', 'sparktc-f06e21939ede0649-exec-7'), ('10:28', 'sparktc-f06e21939ede0649-exec-8'), ('10:37', 'sparktc-f06e21939ede0649-exec-1'), ('10:37', 'sparktc-f06e21939ede0649-exec-2'), ('10:38', 'sparktc-f06e21939ede0649-exec-3'), ('10:38', 'sparktc-f06e21939ede0649-exec-4'), ('10:38', 'sparktc-f06e21939ede0649-exec-5'), ('10:38', 'sparktc-f06e21939ede0649-exec-6'), ('10:38', 'sparktc-f06e21939ede0649-exec-7'), ('10:39', 'sparktc-f06e21939ede0649-exec-8'), ('10:46', 'sparktc-f06e21939ede0649-exec-1'), ('10:47', 'sparktc-f06e21939ede0649-exec-2'), ('10:47', 'sparktc-f06e21939ede0649-exec-3'), ('10:47', 'sparktc-f06e21939ede0649-exec-4'), ('10:47', 'sparktc-f06e21939ede0649-exec-5'), ('10:48', 'sparktc-f06e21939ede0649-exec-6'), ('10:48', 'sparktc-f06e21939ede0649-exec-7'), ('10:48', 'sparktc-f06e21939ede0649-exec-8'), ('10:55', 'sparktc-f06e21939ede0649-exec-1'), ('10:55', 'sparktc-f06e21939ede0649-exec-2'), ('10:55', 'sparktc-f06e21939ede0649-exec-3'), ('10:55', 'sparktc-f06e21939ede0649-exec-4'), ('10:55', 'sparktc-f06e21939ede0649-exec-5'), ('10:56', 'sparktc-f06e21939ede0649-exec-6'), ('10:56', 'sparktc-f06e21939ede0649-exec-7'), ('10:56', 'sparktc-f06e21939ede0649-exec-8'), ('11:02', 'sparktc-f06e21939ede0649-exec-1'), ('11:03', 'sparktc-f06e21939ede0649-exec-2'), ('11:03', 'sparktc-f06e21939ede0649-exec-3'), ('11:03', 'sparktc-f06e21939ede0649-exec-4'), ('11:03', 'sparktc-f06e21939ede0649-exec-5'), ('11:04', 'sparktc-f06e21939ede0649-exec-6'), ('11:04', 'sparktc-f06e21939ede0649-exec-7'), ('11:04', 'sparktc-f06e21939ede0649-exec-8'), ('11:11', 'sparktc-f06e21939ede0649-exec-1'), ('11:11', 'sparktc-f06e21939ede0649-exec-2'), ('11:11', 'sparktc-f06e21939ede0649-exec-3'), ('11:12', 'sparktc-f06e21939ede0649-exec-4'), ('11:12', 'sparktc-f06e21939ede0649-exec-5'), ('11:12', 'sparktc-f06e21939ede0649-exec-6'), ('11:12', 'sparktc-f06e21939ede0649-exec-7'), ('11:12', 'sparktc-f06e21939ede0649-exec-8')]"
32,2024-12-07 02:05:57.556298,2024-12-07 02:10:40.090453,1605.1876666666656,"[('06:24', 'sparktc-edb454939ede0880-exec-1'), ('06:32', 'sparktc-edb454939ede0880-exec-1'), ('06:39', 'sparktc-edb454939ede0880-exec-1'), ('06:40', 'sparktc-edb454939ede0880-exec-2'), ('06:47', 'sparktc-edb454939ede0880-exec-1'), ('06:47', 'sparktc-edb454939ede0880-exec-2'), ('06:47', 'sparktc-edb454939ede0880-exec-3'), ('06:48', 'sparktc-edb454939ede0880-exec-4'), ('06:56', 'sparktc-edb454939ede0880-exec-1'), ('06:57', 'sparktc-edb454939ede0880-exec-2'), ('06:57', 'sparktc-edb454939ede0880-exec-3'), ('06:57', 'sparktc-edb454939ede0880-exec-4'), ('06:57', 'sparktc-edb454939ede0880-exec-5'), ('06:58', 'sparktc-edb454939ede0880-exec-6'), ('06:58', 'sparktc-edb454939ede0880-exec-7'), ('06:58', 'sparktc-edb454939ede0880-exec-8'), ('07:06', 'sparktc-edb454939ede0880-exec-1'), ('07:06', 'sparktc-edb454939ede0880-exec-2'), ('07:06', 'sparktc-edb454939ede0880-exec-3'), ('07:06', 'sparktc-edb454939ede0880-exec-4'), ('07:07', 'sparktc-edb454939ede0880-exec-5'), ('07:07', 'sparktc-edb454939ede0880-exec-6'), ('07:07', 'sparktc-edb454939ede0880-exec-7'), ('07:07', 'sparktc-edb454939ede0880-exec-8'), ('07:14', 'sparktc-edb454939ede0880-exec-1'), ('07:14', 'sparktc-edb454939ede0880-exec-2'), ('07:15', 'sparktc-edb454939ede0880-exec-3'), ('07:15', 'sparktc-edb454939ede0880-exec-4'), ('07:15', 'sparktc-edb454939ede0880-exec-5'), ('07:15', 'sparktc-edb454939ede0880-exec-6'), ('07:16', 'sparktc-edb454939ede0880-exec-7'), ('07:16', 'sparktc-edb454939ede0880-exec-8'), ('07:23', 'sparktc-edb454939ede0880-exec-1'), ('07:23', 'sparktc-edb454939ede0880-exec-2'), ('07:23', 'sparktc-edb454939ede0880-exec-3'), ('07:23', 'sparktc-edb454939ede0880-exec-4'), ('07:23', 'sparktc-edb454939ede0880-exec-5'), ('07:24', 'sparktc-edb454939ede0880-exec-6'), ('07:24', 'sparktc-edb454939ede0880-exec-7'), ('07:24', 'sparktc-edb454939ede0880-exec-8'), ('07:31', 'sparktc-edb454939ede0880-exec-1'), ('07:31', 'sparktc-edb454939ede0880-exec-2'), ('07:31', 'sparktc-edb454939ede0880-exec-3'), ('07:32', 'sparktc-edb454939ede0880-exec-4'), ('07:32', 'sparktc-edb454939ede0880-exec-5'), ('07:32', 'sparktc-edb454939ede0880-exec-6'), ('07:32', 'sparktc-edb454939ede0880-exec-7'), ('07:32', 'sparktc-edb454939ede0880-exec-8'), ('07:40', 'sparktc-edb454939ede0880-exec-1'), ('07:40', 'sparktc-edb454939ede0880-exec-2'), ('07:40', 'sparktc-edb454939ede0880-exec-3'), ('07:40', 'sparktc-edb454939ede0880-exec-4'), ('07:41', 'sparktc-edb454939ede0880-exec-5'), ('07:41', 'sparktc-edb454939ede0880-exec-6'), ('07:41', 'sparktc-edb454939ede0880-exec-7'), ('07:42', 'sparktc-edb454939ede0880-exec-8'), ('07:49', 'sparktc-edb454939ede0880-exec-1'), ('07:49', 'sparktc-edb454939ede0880-exec-2'), ('07:49', 'sparktc-edb454939ede0880-exec-3'), ('07:50', 'sparktc-edb454939ede0880-exec-4'), ('07:50', 'sparktc-edb454939ede0880-exec-5'), ('07:51', 'sparktc-edb454939ede0880-exec-6'), ('07:51', 'sparktc-edb454939ede0880-exec-7'), ('07:51', 'sparktc-edb454939ede0880-exec-8'), ('07:58', 'sparktc-edb454939ede0880-exec-1'), ('07:59', 'sparktc-edb454939ede0880-exec-2'), ('07:59', 'sparktc-edb454939ede0880-exec-3'), ('07:59', 'sparktc-edb454939ede0880-exec-4'), ('07:59', 'sparktc-edb454939ede0880-exec-5'), ('07:59', 'sparktc-edb454939ede0880-exec-6'), ('08:00', 'sparktc-edb454939ede0880-exec-7'), ('08:00', 'sparktc-edb454939ede0880-exec-8'), ('08:07', 'sparktc-edb454939ede0880-exec-1'), ('08:07', 'sparktc-edb454939ede0880-exec-2'), ('08:07', 'sparktc-edb454939ede0880-exec-3'), ('08:07', 'sparktc-edb454939ede0880-exec-4'), ('08:08', 'sparktc-edb454939ede0880-exec-5'), ('08:08', 'sparktc-edb454939ede0880-exec-6'), ('08:08', 'sparktc-edb454939ede0880-exec-7'), ('08:08', 'sparktc-edb454939ede0880-exec-8'), ('08:15', 'sparktc-edb454939ede0880-exec-1'), ('08:15', 'sparktc-edb454939ede0880-exec-2'), ('08:16', 'sparktc-edb454939ede0880-exec-3'), ('08:16', 'sparktc-edb454939ede0880-exec-4'), ('08:16', 'sparktc-edb454939ede0880-exec-5'), ('08:16', 'sparktc-edb454939ede0880-exec-6'), ('08:17', 'sparktc-edb454939ede0880-exec-7'), ('08:17', 'sparktc-edb454939ede0880-exec-8'), ('08:24', 'sparktc-edb454939ede0880-exec-1'), ('08:24', 'sparktc-edb454939ede0880-exec-2'), ('08:24', 'sparktc-edb454939ede0880-exec-3'), ('08:25', 'sparktc-edb454939ede0880-exec-4'), ('08:25', 'sparktc-edb454939ede0880-exec-5'), ('08:25', 'sparktc-edb454939ede0880-exec-6'), ('08:25', 'sparktc-edb454939ede0880-exec-7'), ('08:25', 'sparktc-edb454939ede0880-exec-8'), ('08:33', 'sparktc-edb454939ede0880-exec-1'), ('08:33', 'sparktc-edb454939ede0880-exec-2'), ('08:34', 'sparktc-edb454939ede0880-exec-3'), ('08:34', 'sparktc-edb454939ede0880-exec-4'), ('08:34', 'sparktc-edb454939ede0880-exec-5'), ('08:35', 'sparktc-edb454939ede0880-exec-6'), ('08:35', 'sparktc-edb454939ede0880-exec-7'), ('08:35', 'sparktc-edb454939ede0880-exec-8'), ('08:43', 'sparktc-edb454939ede0880-exec-1'), ('08:43', 'sparktc-edb454939ede0880-exec-2'), ('08:44', 'sparktc-edb454939ede0880-exec-3'), ('08:44', 'sparktc-edb454939ede0880-exec-4'), ('08:44', 'sparktc-edb454939ede0880-exec-5'), ('08:44', 'sparktc-edb454939ede0880-exec-6'), ('08:45', 'sparktc-edb454939ede0880-exec-7'), ('08:45', 'sparktc-edb454939ede0880-exec-8'), ('08:53', 'sparktc-edb454939ede0880-exec-1'), ('08:54', 'sparktc-edb454939ede0880-exec-2'), ('08:54', 'sparktc-edb454939ede0880-exec-3'), ('08:54', 'sparktc-edb454939ede0880-exec-4'), ('08:54', 'sparktc-edb454939ede0880-exec-5'), ('08:54', 'sparktc-edb454939ede0880-exec-6'), ('08:55', 'sparktc-edb454939ede0880-exec-7'), ('08:55', 'sparktc-edb454939ede0880-exec-8'), ('09:03', 'sparktc-edb454939ede0880-exec-1'), ('09:04', 'sparktc-edb454939ede0880-exec-2'), ('09:04', 'sparktc-edb454939ede0880-exec-3'), ('09:04', 'sparktc-edb454939ede0880-exec-4'), ('09:04', 'sparktc-edb454939ede0880-exec-5'), ('09:05', 'sparktc-edb454939ede0880-exec-6'), ('09:05', 'sparktc-edb454939ede0880-exec-7'), ('09:05', 'sparktc-edb454939ede0880-exec-8'), ('09:13', 'sparktc-edb454939ede0880-exec-1'), ('09:14', 'sparktc-edb454939ede0880-exec-2'), ('09:14', 'sparktc-edb454939ede0880-exec-3'), ('09:14', 'sparktc-edb454939ede0880-exec-4'), ('09:14', 'sparktc-edb454939ede0880-exec-5'), ('09:14', 'sparktc-edb454939ede0880-exec-6'), ('09:15', 'sparktc-edb454939ede0880-exec-7'), ('09:15', 'sparktc-edb454939ede0880-exec-8'), ('09:23', 'sparktc-edb454939ede0880-exec-1'), ('09:24', 'sparktc-edb454939ede0880-exec-2'), ('09:24', 'sparktc-edb454939ede0880-exec-3'), ('09:24', 'sparktc-edb454939ede0880-exec-4'), ('09:24', 'sparktc-edb454939ede0880-exec-5'), ('09:24', 'sparktc-edb454939ede0880-exec-6'), ('09:25', 'sparktc-edb454939ede0880-exec-7'), ('09:25', 'sparktc-edb454939ede0880-exec-8'), ('09:34', 'sparktc-edb454939ede0880-exec-1'), ('09:34', 'sparktc-edb454939ede0880-exec-2'), ('09:34', 'sparktc-edb454939ede0880-exec-3'), ('09:34', 'sparktc-edb454939ede0880-exec-4'), ('09:35', 'sparktc-edb454939ede0880-exec-5'), ('09:35', 'sparktc-edb454939ede0880-exec-6'), ('09:35', 'sparktc-edb454939ede0880-exec-7'), ('09:35', 'sparktc-edb454939ede0880-exec-8'), ('09:43', 'sparktc-edb454939ede0880-exec-1'), ('09:43', 'sparktc-edb454939ede0880-exec-2'), ('09:43', 'sparktc-edb454939ede0880-exec-3'), ('09:44', 'sparktc-edb454939ede0880-exec-4'), ('09:44', 'sparktc-edb454939ede0880-exec-5'), ('09:44', 'sparktc-edb454939ede0880-exec-6'), ('09:45', 'sparktc-edb454939ede0880-exec-7'), ('09:45', 'sparktc-edb454939ede0880-exec-8'), ('09:51', 'sparktc-edb454939ede0880-exec-1'), ('09:52', 'sparktc-edb454939ede0880-exec-2'), ('09:52', 'sparktc-edb454939ede0880-exec-3'), ('09:52', 'sparktc-edb454939ede0880-exec-4'), ('09:52', 'sparktc-edb454939ede0880-exec-5'), ('09:53', 'sparktc-edb454939ede0880-exec-6'), ('09:53', 'sparktc-edb454939ede0880-exec-7'), ('09:53', 'sparktc-edb454939ede0880-exec-8'), ('09:59', 'sparktc-edb454939ede0880-exec-1'), ('10:00', 'sparktc-edb454939ede0880-exec-2'), ('10:00', 'sparktc-edb454939ede0880-exec-3'), ('10:00', 'sparktc-edb454939ede0880-exec-4'), ('10:01', 'sparktc-edb454939ede0880-exec-5'), ('10:01', 'sparktc-edb454939ede0880-exec-6'), ('10:01', 'sparktc-edb454939ede0880-exec-7'), ('10:01', 'sparktc-edb454939ede0880-exec-8'), ('10:08', 'sparktc-edb454939ede0880-exec-1'), ('10:08', 'sparktc-edb454939ede0880-exec-2'), ('10:08', 'sparktc-edb454939ede0880-exec-3'), ('10:09', 'sparktc-edb454939ede0880-exec-4'), ('10:09', 'sparktc-edb454939ede0880-exec-5'), ('10:09', 'sparktc-edb454939ede0880-exec-6'), ('10:09', 'sparktc-edb454939ede0880-exec-7'), ('10:09', 'sparktc-edb454939ede0880-exec-8'), ('10:16', 'sparktc-edb454939ede0880-exec-1'), ('10:16', 'sparktc-edb454939ede0880-exec-2'), ('10:17', 'sparktc-edb454939ede0880-exec-3'), ('10:17', 'sparktc-edb454939ede0880-exec-4'), ('10:17', 'sparktc-edb454939ede0880-exec-5'), ('10:17', 'sparktc-edb454939ede0880-exec-6'), ('10:17', 'sparktc-edb454939ede0880-exec-7'), ('10:18', 'sparktc-edb454939ede0880-exec-8'), ('10:25', 'sparktc-edb454939ede0880-exec-1'), ('10:25', 'sparktc-edb454939ede0880-exec-2'), ('10:26', 'sparktc-edb454939ede0880-exec-3'), ('10:26', 'sparktc-edb454939ede0880-exec-4'), ('10:26', 'sparktc-edb454939ede0880-exec-5'), ('10:26', 'sparktc-edb454939ede0880-exec-6'), ('10:27', 'sparktc-edb454939ede0880-exec-7'), ('10:27', 'sparktc-edb454939ede0880-exec-8'), ('10:35', 'sparktc-edb454939ede0880-exec-1'), ('10:35', 'sparktc-edb454939ede0880-exec-2'), ('10:36', 'sparktc-edb454939ede0880-exec-3'), ('10:36', 'sparktc-edb454939ede0880-exec-4'), ('10:36', 'sparktc-edb454939ede0880-exec-5'), ('10:36', 'sparktc-edb454939ede0880-exec-6'), ('10:37', 'sparktc-edb454939ede0880-exec-8')]"
33,2024-12-07 02:07:01.326445,2024-12-07 02:12:05.243905,1724.1174999999985,"[('07:19', 'sparktc-8c9ad2939edefae5-exec-1'), ('07:27', 'sparktc-8c9ad2939edefae5-exec-1'), ('07:36', 'sparktc-8c9ad2939edefae5-exec-1'), ('07:36', 'sparktc-8c9ad2939edefae5-exec-2'), ('07:45', 'sparktc-8c9ad2939edefae5-exec-1'), ('07:46', 'sparktc-8c9ad2939edefae5-exec-2'), ('07:46', 'sparktc-8c9ad2939edefae5-exec-3'), ('07:46', 'sparktc-8c9ad2939edefae5-exec-4'), ('07:46', 'sparktc-8c9ad2939edefae5-exec-5'), ('07:55', 'sparktc-8c9ad2939edefae5-exec-1'), ('07:55', 'sparktc-8c9ad2939edefae5-exec-2'), ('07:55', 'sparktc-8c9ad2939edefae5-exec-3'), ('07:55', 'sparktc-8c9ad2939edefae5-exec-4'), ('07:56', 'sparktc-8c9ad2939edefae5-exec-5'), ('07:56', 'sparktc-8c9ad2939edefae5-exec-6'), ('07:56', 'sparktc-8c9ad2939edefae5-exec-7'), ('07:57', 'sparktc-8c9ad2939edefae5-exec-8'), ('08:03', 'sparktc-8c9ad2939edefae5-exec-1'), ('08:03', 'sparktc-8c9ad2939edefae5-exec-2'), ('08:04', 'sparktc-8c9ad2939edefae5-exec-3'), ('08:04', 'sparktc-8c9ad2939edefae5-exec-4'), ('08:04', 'sparktc-8c9ad2939edefae5-exec-5'), ('08:04', 'sparktc-8c9ad2939edefae5-exec-6'), ('08:05', 'sparktc-8c9ad2939edefae5-exec-7'), ('08:05', 'sparktc-8c9ad2939edefae5-exec-8'), ('08:11', 'sparktc-8c9ad2939edefae5-exec-1'), ('08:12', 'sparktc-8c9ad2939edefae5-exec-2'), ('08:12', 'sparktc-8c9ad2939edefae5-exec-3'), ('08:12', 'sparktc-8c9ad2939edefae5-exec-4'), ('08:12', 'sparktc-8c9ad2939edefae5-exec-5'), ('08:13', 'sparktc-8c9ad2939edefae5-exec-6'), ('08:13', 'sparktc-8c9ad2939edefae5-exec-7'), ('08:13', 'sparktc-8c9ad2939edefae5-exec-8'), ('08:20', 'sparktc-8c9ad2939edefae5-exec-1'), ('08:20', 'sparktc-8c9ad2939edefae5-exec-2'), ('08:21', 'sparktc-8c9ad2939edefae5-exec-3'), ('08:21', 'sparktc-8c9ad2939edefae5-exec-4'), ('08:21', 'sparktc-8c9ad2939edefae5-exec-5'), ('08:21', 'sparktc-8c9ad2939edefae5-exec-6'), ('08:21', 'sparktc-8c9ad2939edefae5-exec-7'), ('08:22', 'sparktc-8c9ad2939edefae5-exec-8'), ('08:29', 'sparktc-8c9ad2939edefae5-exec-1'), ('08:29', 'sparktc-8c9ad2939edefae5-exec-2'), ('08:29', 'sparktc-8c9ad2939edefae5-exec-3'), ('08:29', 'sparktc-8c9ad2939edefae5-exec-4'), ('08:29', 'sparktc-8c9ad2939edefae5-exec-5'), ('08:30', 'sparktc-8c9ad2939edefae5-exec-6'), ('08:30', 'sparktc-8c9ad2939edefae5-exec-7'), ('08:30', 'sparktc-8c9ad2939edefae5-exec-8'), ('08:38', 'sparktc-8c9ad2939edefae5-exec-1'), ('08:38', 'sparktc-8c9ad2939edefae5-exec-2'), ('08:38', 'sparktc-8c9ad2939edefae5-exec-3'), ('08:39', 'sparktc-8c9ad2939edefae5-exec-4'), ('08:39', 'sparktc-8c9ad2939edefae5-exec-5'), ('08:39', 'sparktc-8c9ad2939edefae5-exec-6'), ('08:39', 'sparktc-8c9ad2939edefae5-exec-7'), ('08:40', 'sparktc-8c9ad2939edefae5-exec-8'), ('08:48', 'sparktc-8c9ad2939edefae5-exec-1'), ('08:48', 'sparktc-8c9ad2939edefae5-exec-2'), ('08:48', 'sparktc-8c9ad2939edefae5-exec-3'), ('08:48', 'sparktc-8c9ad2939edefae5-exec-4'), ('08:49', 'sparktc-8c9ad2939edefae5-exec-5'), ('08:49', 'sparktc-8c9ad2939edefae5-exec-6'), ('08:49', 'sparktc-8c9ad2939edefae5-exec-7'), ('08:49', 'sparktc-8c9ad2939edefae5-exec-8'), ('08:58', 'sparktc-8c9ad2939edefae5-exec-1'), ('08:58', 'sparktc-8c9ad2939edefae5-exec-2'), ('08:59', 'sparktc-8c9ad2939edefae5-exec-3'), ('08:59', 'sparktc-8c9ad2939edefae5-exec-4'), ('08:59', 'sparktc-8c9ad2939edefae5-exec-5'), ('08:59', 'sparktc-8c9ad2939edefae5-exec-6'), ('08:59', 'sparktc-8c9ad2939edefae5-exec-7'), ('09:00', 'sparktc-8c9ad2939edefae5-exec-8'), ('09:08', 'sparktc-8c9ad2939edefae5-exec-1'), ('09:08', 'sparktc-8c9ad2939edefae5-exec-2'), ('09:09', 'sparktc-8c9ad2939edefae5-exec-3'), ('09:09', 'sparktc-8c9ad2939edefae5-exec-4'), ('09:09', 'sparktc-8c9ad2939edefae5-exec-5'), ('09:09', 'sparktc-8c9ad2939edefae5-exec-6'), ('09:09', 'sparktc-8c9ad2939edefae5-exec-7'), ('09:10', 'sparktc-8c9ad2939edefae5-exec-8'), ('09:18', 'sparktc-8c9ad2939edefae5-exec-1'), ('09:18', 'sparktc-8c9ad2939edefae5-exec-2'), ('09:19', 'sparktc-8c9ad2939edefae5-exec-3'), ('09:19', 'sparktc-8c9ad2939edefae5-exec-4'), ('09:19', 'sparktc-8c9ad2939edefae5-exec-5'), ('09:19', 'sparktc-8c9ad2939edefae5-exec-6'), ('09:19', 'sparktc-8c9ad2939edefae5-exec-7'), ('09:20', 'sparktc-8c9ad2939edefae5-exec-8'), ('09:28', 'sparktc-8c9ad2939edefae5-exec-1'), ('09:28', 'sparktc-8c9ad2939edefae5-exec-2'), ('09:29', 'sparktc-8c9ad2939edefae5-exec-3'), ('09:29', 'sparktc-8c9ad2939edefae5-exec-4'), ('09:29', 'sparktc-8c9ad2939edefae5-exec-5'), ('09:29', 'sparktc-8c9ad2939edefae5-exec-6'), ('09:30', 'sparktc-8c9ad2939edefae5-exec-7'), ('09:30', 'sparktc-8c9ad2939edefae5-exec-8'), ('09:39', 'sparktc-8c9ad2939edefae5-exec-1'), ('09:39', 'sparktc-8c9ad2939edefae5-exec-2'), ('09:39', 'sparktc-8c9ad2939edefae5-exec-3'), ('09:40', 'sparktc-8c9ad2939edefae5-exec-4'), ('09:40', 'sparktc-8c9ad2939edefae5-exec-5'), ('09:40', 'sparktc-8c9ad2939edefae5-exec-6'), ('09:40', 'sparktc-8c9ad2939edefae5-exec-7'), ('09:41', 'sparktc-8c9ad2939edefae5-exec-8'), ('09:48', 'sparktc-8c9ad2939edefae5-exec-1'), ('09:48', 'sparktc-8c9ad2939edefae5-exec-2'), ('09:48', 'sparktc-8c9ad2939edefae5-exec-3'), ('09:49', 'sparktc-8c9ad2939edefae5-exec-4'), ('09:49', 'sparktc-8c9ad2939edefae5-exec-5'), ('09:49', 'sparktc-8c9ad2939edefae5-exec-6'), ('09:49', 'sparktc-8c9ad2939edefae5-exec-7'), ('09:50', 'sparktc-8c9ad2939edefae5-exec-8'), ('09:56', 'sparktc-8c9ad2939edefae5-exec-1'), ('09:56', 'sparktc-8c9ad2939edefae5-exec-2'), ('09:57', 'sparktc-8c9ad2939edefae5-exec-3'), ('09:57', 'sparktc-8c9ad2939edefae5-exec-4'), ('09:57', 'sparktc-8c9ad2939edefae5-exec-5'), ('09:57', 'sparktc-8c9ad2939edefae5-exec-6'), ('09:58', 'sparktc-8c9ad2939edefae5-exec-7'), ('09:58', 'sparktc-8c9ad2939edefae5-exec-8'), ('10:04', 'sparktc-8c9ad2939edefae5-exec-1'), ('10:05', 'sparktc-8c9ad2939edefae5-exec-2'), ('10:05', 'sparktc-8c9ad2939edefae5-exec-3'), ('10:05', 'sparktc-8c9ad2939edefae5-exec-4'), ('10:05', 'sparktc-8c9ad2939edefae5-exec-5'), ('10:05', 'sparktc-8c9ad2939edefae5-exec-6'), ('10:06', 'sparktc-8c9ad2939edefae5-exec-7'), ('10:06', 'sparktc-8c9ad2939edefae5-exec-8'), ('10:12', 'sparktc-8c9ad2939edefae5-exec-1'), ('10:13', 'sparktc-8c9ad2939edefae5-exec-2'), ('10:13', 'sparktc-8c9ad2939edefae5-exec-3'), ('10:13', 'sparktc-8c9ad2939edefae5-exec-4'), ('10:13', 'sparktc-8c9ad2939edefae5-exec-5'), ('10:14', 'sparktc-8c9ad2939edefae5-exec-6'), ('10:14', 'sparktc-8c9ad2939edefae5-exec-7'), ('10:14', 'sparktc-8c9ad2939edefae5-exec-8'), ('10:21', 'sparktc-8c9ad2939edefae5-exec-1'), ('10:21', 'sparktc-8c9ad2939edefae5-exec-2'), ('10:21', 'sparktc-8c9ad2939edefae5-exec-3'), ('10:21', 'sparktc-8c9ad2939edefae5-exec-4'), ('10:22', 'sparktc-8c9ad2939edefae5-exec-5'), ('10:22', 'sparktc-8c9ad2939edefae5-exec-6'), ('10:22', 'sparktc-8c9ad2939edefae5-exec-7'), ('10:22', 'sparktc-8c9ad2939edefae5-exec-8'), ('10:30', 'sparktc-8c9ad2939edefae5-exec-1'), ('10:30', 'sparktc-8c9ad2939edefae5-exec-2'), ('10:30', 'sparktc-8c9ad2939edefae5-exec-3'), ('10:31', 'sparktc-8c9ad2939edefae5-exec-4'), ('10:31', 'sparktc-8c9ad2939edefae5-exec-5'), ('10:31', 'sparktc-8c9ad2939edefae5-exec-6'), ('10:31', 'sparktc-8c9ad2939edefae5-exec-7'), ('10:31', 'sparktc-8c9ad2939edefae5-exec-8'), ('10:41', 'sparktc-8c9ad2939edefae5-exec-1'), ('10:41', 'sparktc-8c9ad2939edefae5-exec-2'), ('10:41', 'sparktc-8c9ad2939edefae5-exec-3'), ('10:41', 'sparktc-8c9ad2939edefae5-exec-4'), ('10:42', 'sparktc-8c9ad2939edefae5-exec-5'), ('10:42', 'sparktc-8c9ad2939edefae5-exec-6'), ('10:42', 'sparktc-8c9ad2939edefae5-exec-7'), ('10:42', 'sparktc-8c9ad2939edefae5-exec-8'), ('10:50', 'sparktc-8c9ad2939edefae5-exec-1'), ('10:50', 'sparktc-8c9ad2939edefae5-exec-2'), ('10:50', 'sparktc-8c9ad2939edefae5-exec-3'), ('10:50', 'sparktc-8c9ad2939edefae5-exec-4'), ('10:50', 'sparktc-8c9ad2939edefae5-exec-5'), ('10:51', 'sparktc-8c9ad2939edefae5-exec-6'), ('10:51', 'sparktc-8c9ad2939edefae5-exec-7'), ('10:51', 'sparktc-8c9ad2939edefae5-exec-8'), ('10:57', 'sparktc-8c9ad2939edefae5-exec-1'), ('10:58', 'sparktc-8c9ad2939edefae5-exec-2'), ('10:58', 'sparktc-8c9ad2939edefae5-exec-3'), ('10:58', 'sparktc-8c9ad2939edefae5-exec-4'), ('10:58', 'sparktc-8c9ad2939edefae5-exec-5'), ('10:59', 'sparktc-8c9ad2939edefae5-exec-6'), ('10:59', 'sparktc-8c9ad2939edefae5-exec-7'), ('10:59', 'sparktc-8c9ad2939edefae5-exec-8'), ('11:06', 'sparktc-8c9ad2939edefae5-exec-1'), ('11:06', 'sparktc-8c9ad2939edefae5-exec-2'), ('11:06', 'sparktc-8c9ad2939edefae5-exec-3'), ('11:06', 'sparktc-8c9ad2939edefae5-exec-4'), ('11:06', 'sparktc-8c9ad2939edefae5-exec-5'), ('11:07', 'sparktc-8c9ad2939edefae5-exec-6'), ('11:07', 'sparktc-8c9ad2939edefae5-exec-7'), ('11:07', 'sparktc-8c9ad2939edefae5-exec-8'), ('11:14', 'sparktc-8c9ad2939edefae5-exec-1'), ('11:14', 'sparktc-8c9ad2939edefae5-exec-2'), ('11:15', 'sparktc-8c9ad2939edefae5-exec-3'), ('11:15', 'sparktc-8c9ad2939edefae5-exec-4'), ('11:15', 'sparktc-8c9ad2939edefae5-exec-5'), ('11:15', 'sparktc-8c9ad2939edefae5-exec-6'), ('11:16', 'sparktc-8c9ad2939edefae5-exec-7'), ('11:16', 'sparktc-8c9ad2939edefae5-exec-8'), ('11:24', 'sparktc-8c9ad2939edefae5-exec-1'), ('11:24', 'sparktc-8c9ad2939edefae5-exec-2'), ('11:24', 'sparktc-8c9ad2939edefae5-exec-3'), ('11:25', 'sparktc-8c9ad2939edefae5-exec-4'), ('11:25', 'sparktc-8c9ad2939edefae5-exec-5'), ('11:25', 'sparktc-8c9ad2939edefae5-exec-6'), ('11:26', 'sparktc-8c9ad2939edefae5-exec-7'), ('11:26', 'sparktc-8c9ad2939edefae5-exec-8'), ('11:33', 'sparktc-8c9ad2939edefae5-exec-1'), ('11:33', 'sparktc-8c9ad2939edefae5-exec-2'), ('11:33', 'sparktc-8c9ad2939edefae5-exec-3'), ('11:33', 'sparktc-8c9ad2939edefae5-exec-4'), ('11:34', 'sparktc-8c9ad2939edefae5-exec-5'), ('11:34', 'sparktc-8c9ad2939edefae5-exec-6'), ('11:34', 'sparktc-8c9ad2939edefae5-exec-7'), ('11:34', 'sparktc-8c9ad2939edefae5-exec-8'), ('11:41', 'sparktc-8c9ad2939edefae5-exec-1'), ('11:41', 'sparktc-8c9ad2939edefae5-exec-2'), ('11:41', 'sparktc-8c9ad2939edefae5-exec-3'), ('11:42', 'sparktc-8c9ad2939edefae5-exec-4'), ('11:42', 'sparktc-8c9ad2939edefae5-exec-5'), ('11:42', 'sparktc-8c9ad2939edefae5-exec-6'), ('11:42', 'sparktc-8c9ad2939edefae5-exec-7'), ('11:43', 'sparktc-8c9ad2939edefae5-exec-8'), ('11:50', 'sparktc-8c9ad2939edefae5-exec-1'), ('11:50', 'sparktc-8c9ad2939edefae5-exec-2'), ('11:50', 'sparktc-8c9ad2939edefae5-exec-3'), ('11:50', 'sparktc-8c9ad2939edefae5-exec-4'), ('11:51', 'sparktc-8c9ad2939edefae5-exec-5'), ('11:51', 'sparktc-8c9ad2939edefae5-exec-6'), ('11:51', 'sparktc-8c9ad2939edefae5-exec-7'), ('11:51', 'sparktc-8c9ad2939edefae5-exec-8')]"
34,2024-12-07 02:07:44.752879,2024-12-07 02:13:15.742204,1884.622666666675,"[('08:13', 'sparktc-95f8b4939edfaa22-exec-1'), ('08:22', 'sparktc-95f8b4939edfaa22-exec-1'), ('08:22', 'sparktc-95f8b4939edfaa22-exec-2'), ('08:30', 'sparktc-95f8b4939edfaa22-exec-1'), ('08:31', 'sparktc-95f8b4939edfaa22-exec-2'), ('08:31', 'sparktc-95f8b4939edfaa22-exec-3'), ('08:31', 'sparktc-95f8b4939edfaa22-exec-4'), ('08:31', 'sparktc-95f8b4939edfaa22-exec-5'), ('08:40', 'sparktc-95f8b4939edfaa22-exec-1'), ('08:40', 'sparktc-95f8b4939edfaa22-exec-2'), ('08:40', 'sparktc-95f8b4939edfaa22-exec-3'), ('08:40', 'sparktc-95f8b4939edfaa22-exec-4'), ('08:41', 'sparktc-95f8b4939edfaa22-exec-5'), ('08:41', 'sparktc-95f8b4939edfaa22-exec-6'), ('08:41', 'sparktc-95f8b4939edfaa22-exec-7'), ('08:41', 'sparktc-95f8b4939edfaa22-exec-8'), ('08:50', 'sparktc-95f8b4939edfaa22-exec-1'), ('08:50', 'sparktc-95f8b4939edfaa22-exec-2'), ('08:50', 'sparktc-95f8b4939edfaa22-exec-3'), ('08:50', 'sparktc-95f8b4939edfaa22-exec-4'), ('08:51', 'sparktc-95f8b4939edfaa22-exec-5'), ('08:51', 'sparktc-95f8b4939edfaa22-exec-6'), ('08:51', 'sparktc-95f8b4939edfaa22-exec-7'), ('08:51', 'sparktc-95f8b4939edfaa22-exec-8'), ('09:00', 'sparktc-95f8b4939edfaa22-exec-1'), ('09:00', 'sparktc-95f8b4939edfaa22-exec-2'), ('09:00', 'sparktc-95f8b4939edfaa22-exec-3'), ('09:01', 'sparktc-95f8b4939edfaa22-exec-4'), ('09:01', 'sparktc-95f8b4939edfaa22-exec-5'), ('09:01', 'sparktc-95f8b4939edfaa22-exec-6'), ('09:01', 'sparktc-95f8b4939edfaa22-exec-7'), ('09:01', 'sparktc-95f8b4939edfaa22-exec-8'), ('09:10', 'sparktc-95f8b4939edfaa22-exec-1'), ('09:10', 'sparktc-95f8b4939edfaa22-exec-2'), ('09:10', 'sparktc-95f8b4939edfaa22-exec-3'), ('09:10', 'sparktc-95f8b4939edfaa22-exec-4'), ('09:11', 'sparktc-95f8b4939edfaa22-exec-5'), ('09:11', 'sparktc-95f8b4939edfaa22-exec-6'), ('09:11', 'sparktc-95f8b4939edfaa22-exec-7'), ('09:11', 'sparktc-95f8b4939edfaa22-exec-8'), ('09:20', 'sparktc-95f8b4939edfaa22-exec-1'), ('09:20', 'sparktc-95f8b4939edfaa22-exec-2'), ('09:20', 'sparktc-95f8b4939edfaa22-exec-3'), ('09:20', 'sparktc-95f8b4939edfaa22-exec-4'), ('09:21', 'sparktc-95f8b4939edfaa22-exec-5'), ('09:21', 'sparktc-95f8b4939edfaa22-exec-6'), ('09:21', 'sparktc-95f8b4939edfaa22-exec-7'), ('09:21', 'sparktc-95f8b4939edfaa22-exec-8'), ('09:30', 'sparktc-95f8b4939edfaa22-exec-1'), ('09:30', 'sparktc-95f8b4939edfaa22-exec-2'), ('09:31', 'sparktc-95f8b4939edfaa22-exec-3'), ('09:31', 'sparktc-95f8b4939edfaa22-exec-4'), ('09:31', 'sparktc-95f8b4939edfaa22-exec-5'), ('09:31', 'sparktc-95f8b4939edfaa22-exec-6'), ('09:31', 'sparktc-95f8b4939edfaa22-exec-7'), ('09:32', 'sparktc-95f8b4939edfaa22-exec-8'), ('09:41', 'sparktc-95f8b4939edfaa22-exec-1'), ('09:41', 'sparktc-95f8b4939edfaa22-exec-2'), ('09:41', 'sparktc-95f8b4939edfaa22-exec-3'), ('09:42', 'sparktc-95f8b4939edfaa22-exec-4'), ('09:42', 'sparktc-95f8b4939edfaa22-exec-5'), ('09:42', 'sparktc-95f8b4939edfaa22-exec-6'), ('09:42', 'sparktc-95f8b4939edfaa22-exec-7'), ('09:43', 'sparktc-95f8b4939edfaa22-exec-8'), ('09:50', 'sparktc-95f8b4939edfaa22-exec-1'), ('09:50', 'sparktc-95f8b4939edfaa22-exec-2'), ('09:50', 'sparktc-95f8b4939edfaa22-exec-3'), ('09:50', 'sparktc-95f8b4939edfaa22-exec-4'), ('09:51', 'sparktc-95f8b4939edfaa22-exec-5'), ('09:51', 'sparktc-95f8b4939edfaa22-exec-6'), ('09:51', 'sparktc-95f8b4939edfaa22-exec-7'), ('09:51', 'sparktc-95f8b4939edfaa22-exec-8'), ('09:58', 'sparktc-95f8b4939edfaa22-exec-1'), ('09:58', 'sparktc-95f8b4939edfaa22-exec-2'), ('09:58', 'sparktc-95f8b4939edfaa22-exec-3'), ('09:59', 'sparktc-95f8b4939edfaa22-exec-4'), ('09:59', 'sparktc-95f8b4939edfaa22-exec-5'), ('09:59', 'sparktc-95f8b4939edfaa22-exec-6'), ('09:59', 'sparktc-95f8b4939edfaa22-exec-7'), ('09:59', 'sparktc-95f8b4939edfaa22-exec-8'), ('10:06', 'sparktc-95f8b4939edfaa22-exec-1'), ('10:06', 'sparktc-95f8b4939edfaa22-exec-2'), ('10:07', 'sparktc-95f8b4939edfaa22-exec-3'), ('10:07', 'sparktc-95f8b4939edfaa22-exec-4'), ('10:07', 'sparktc-95f8b4939edfaa22-exec-5'), ('10:07', 'sparktc-95f8b4939edfaa22-exec-6'), ('10:07', 'sparktc-95f8b4939edfaa22-exec-7'), ('10:07', 'sparktc-95f8b4939edfaa22-exec-8'), ('10:14', 'sparktc-95f8b4939edfaa22-exec-1'), ('10:14', 'sparktc-95f8b4939edfaa22-exec-2'), ('10:15', 'sparktc-95f8b4939edfaa22-exec-3'), ('10:15', 'sparktc-95f8b4939edfaa22-exec-4'), ('10:15', 'sparktc-95f8b4939edfaa22-exec-5'), ('10:15', 'sparktc-95f8b4939edfaa22-exec-6'), ('10:16', 'sparktc-95f8b4939edfaa22-exec-7'), ('10:16', 'sparktc-95f8b4939edfaa22-exec-8'), ('10:22', 'sparktc-95f8b4939edfaa22-exec-1'), ('10:23', 'sparktc-95f8b4939edfaa22-exec-2'), ('10:23', 'sparktc-95f8b4939edfaa22-exec-3'), ('10:23', 'sparktc-95f8b4939edfaa22-exec-4'), ('10:24', 'sparktc-95f8b4939edfaa22-exec-5'), ('10:24', 'sparktc-95f8b4939edfaa22-exec-6'), ('10:24', 'sparktc-95f8b4939edfaa22-exec-7'), ('10:24', 'sparktc-95f8b4939edfaa22-exec-8'), ('10:32', 'sparktc-95f8b4939edfaa22-exec-1'), ('10:32', 'sparktc-95f8b4939edfaa22-exec-2'), ('10:32', 'sparktc-95f8b4939edfaa22-exec-3'), ('10:32', 'sparktc-95f8b4939edfaa22-exec-4'), ('10:32', 'sparktc-95f8b4939edfaa22-exec-5'), ('10:32', 'sparktc-95f8b4939edfaa22-exec-6'), ('10:33', 'sparktc-95f8b4939edfaa22-exec-7'), ('10:33', 'sparktc-95f8b4939edfaa22-exec-8'), ('10:42', 'sparktc-95f8b4939edfaa22-exec-1'), ('10:43', 'sparktc-95f8b4939edfaa22-exec-2'), ('10:43', 'sparktc-95f8b4939edfaa22-exec-3'), ('10:43', 'sparktc-95f8b4939edfaa22-exec-4'), ('10:43', 'sparktc-95f8b4939edfaa22-exec-5'), ('10:44', 'sparktc-95f8b4939edfaa22-exec-6'), ('10:44', 'sparktc-95f8b4939edfaa22-exec-7'), ('10:44', 'sparktc-95f8b4939edfaa22-exec-8'), ('10:51', 'sparktc-95f8b4939edfaa22-exec-1'), ('10:51', 'sparktc-95f8b4939edfaa22-exec-2'), ('10:52', 'sparktc-95f8b4939edfaa22-exec-3'), ('10:52', 'sparktc-95f8b4939edfaa22-exec-4'), ('10:52', 'sparktc-95f8b4939edfaa22-exec-5'), ('10:52', 'sparktc-95f8b4939edfaa22-exec-6'), ('10:52', 'sparktc-95f8b4939edfaa22-exec-7'), ('10:53', 'sparktc-95f8b4939edfaa22-exec-8'), ('10:59', 'sparktc-95f8b4939edfaa22-exec-1'), ('10:59', 'sparktc-95f8b4939edfaa22-exec-2'), ('11:00', 'sparktc-95f8b4939edfaa22-exec-3'), ('11:00', 'sparktc-95f8b4939edfaa22-exec-4'), ('11:00', 'sparktc-95f8b4939edfaa22-exec-5'), ('11:00', 'sparktc-95f8b4939edfaa22-exec-6'), ('11:00', 'sparktc-95f8b4939edfaa22-exec-7'), ('11:01', 'sparktc-95f8b4939edfaa22-exec-8'), ('11:07', 'sparktc-95f8b4939edfaa22-exec-1'), ('11:08', 'sparktc-95f8b4939edfaa22-exec-2'), ('11:08', 'sparktc-95f8b4939edfaa22-exec-3'), ('11:08', 'sparktc-95f8b4939edfaa22-exec-4'), ('11:08', 'sparktc-95f8b4939edfaa22-exec-5'), ('11:08', 'sparktc-95f8b4939edfaa22-exec-6'), ('11:09', 'sparktc-95f8b4939edfaa22-exec-7'), ('11:09', 'sparktc-95f8b4939edfaa22-exec-8'), ('11:16', 'sparktc-95f8b4939edfaa22-exec-1'), ('11:16', 'sparktc-95f8b4939edfaa22-exec-2'), ('11:16', 'sparktc-95f8b4939edfaa22-exec-3'), ('11:17', 'sparktc-95f8b4939edfaa22-exec-4'), ('11:17', 'sparktc-95f8b4939edfaa22-exec-5'), ('11:17', 'sparktc-95f8b4939edfaa22-exec-6'), ('11:17', 'sparktc-95f8b4939edfaa22-exec-7'), ('11:18', 'sparktc-95f8b4939edfaa22-exec-8'), ('11:26', 'sparktc-95f8b4939edfaa22-exec-1'), ('11:27', 'sparktc-95f8b4939edfaa22-exec-2'), ('11:27', 'sparktc-95f8b4939edfaa22-exec-3'), ('11:27', 'sparktc-95f8b4939edfaa22-exec-4'), ('11:27', 'sparktc-95f8b4939edfaa22-exec-5'), ('11:27', 'sparktc-95f8b4939edfaa22-exec-6'), ('11:28', 'sparktc-95f8b4939edfaa22-exec-7'), ('11:28', 'sparktc-95f8b4939edfaa22-exec-8'), ('11:35', 'sparktc-95f8b4939edfaa22-exec-1'), ('11:35', 'sparktc-95f8b4939edfaa22-exec-2'), ('11:35', 'sparktc-95f8b4939edfaa22-exec-3'), ('11:35', 'sparktc-95f8b4939edfaa22-exec-4'), ('11:35', 'sparktc-95f8b4939edfaa22-exec-5'), ('11:36', 'sparktc-95f8b4939edfaa22-exec-6'), ('11:36', 'sparktc-95f8b4939edfaa22-exec-7'), ('11:36', 'sparktc-95f8b4939edfaa22-exec-8'), ('11:43', 'sparktc-95f8b4939edfaa22-exec-1'), ('11:43', 'sparktc-95f8b4939edfaa22-exec-2'), ('11:43', 'sparktc-95f8b4939edfaa22-exec-3'), ('11:43', 'sparktc-95f8b4939edfaa22-exec-4'), ('11:44', 'sparktc-95f8b4939edfaa22-exec-5'), ('11:44', 'sparktc-95f8b4939edfaa22-exec-6'), ('11:44', 'sparktc-95f8b4939edfaa22-exec-7'), ('11:44', 'sparktc-95f8b4939edfaa22-exec-8'), ('11:52', 'sparktc-95f8b4939edfaa22-exec-1'), ('11:52', 'sparktc-95f8b4939edfaa22-exec-2'), ('11:52', 'sparktc-95f8b4939edfaa22-exec-3'), ('11:52', 'sparktc-95f8b4939edfaa22-exec-4'), ('11:52', 'sparktc-95f8b4939edfaa22-exec-5'), ('11:53', 'sparktc-95f8b4939edfaa22-exec-6'), ('11:53', 'sparktc-95f8b4939edfaa22-exec-7'), ('11:53', 'sparktc-95f8b4939edfaa22-exec-8'), ('11:59', 'sparktc-95f8b4939edfaa22-exec-1'), ('11:59', 'sparktc-95f8b4939edfaa22-exec-2'), ('11:59', 'sparktc-95f8b4939edfaa22-exec-3'), ('11:59', 'sparktc-95f8b4939edfaa22-exec-4'), ('12:00', 'sparktc-95f8b4939edfaa22-exec-5'), ('12:00', 'sparktc-95f8b4939edfaa22-exec-6'), ('12:00', 'sparktc-95f8b4939edfaa22-exec-7'), ('12:00', 'sparktc-95f8b4939edfaa22-exec-8'), ('12:07', 'sparktc-95f8b4939edfaa22-exec-1'), ('12:07', 'sparktc-95f8b4939edfaa22-exec-2'), ('12:07', 'sparktc-95f8b4939edfaa22-exec-3'), ('12:08', 'sparktc-95f8b4939edfaa22-exec-4'), ('12:08', 'sparktc-95f8b4939edfaa22-exec-5'), ('12:08', 'sparktc-95f8b4939edfaa22-exec-6'), ('12:08', 'sparktc-95f8b4939edfaa22-exec-7'), ('12:09', 'sparktc-95f8b4939edfaa22-exec-8'), ('12:16', 'sparktc-95f8b4939edfaa22-exec-1'), ('12:16', 'sparktc-95f8b4939edfaa22-exec-2'), ('12:16', 'sparktc-95f8b4939edfaa22-exec-3'), ('12:17', 'sparktc-95f8b4939edfaa22-exec-4'), ('12:17', 'sparktc-95f8b4939edfaa22-exec-5'), ('12:17', 'sparktc-95f8b4939edfaa22-exec-6'), ('12:17', 'sparktc-95f8b4939edfaa22-exec-7'), ('12:18', 'sparktc-95f8b4939edfaa22-exec-8'), ('12:24', 'sparktc-95f8b4939edfaa22-exec-1'), ('12:24', 'sparktc-95f8b4939edfaa22-exec-2'), ('12:25', 'sparktc-95f8b4939edfaa22-exec-3'), ('12:25', 'sparktc-95f8b4939edfaa22-exec-4'), ('12:25', 'sparktc-95f8b4939edfaa22-exec-5'), ('12:25', 'sparktc-95f8b4939edfaa22-exec-6'), ('12:26', 'sparktc-95f8b4939edfaa22-exec-7'), ('12:26', 'sparktc-95f8b4939edfaa22-exec-8'), ('12:33', 'sparktc-95f8b4939edfaa22-exec-1'), ('12:33', 'sparktc-95f8b4939edfaa22-exec-2'), ('12:33', 'sparktc-95f8b4939edfaa22-exec-3'), ('12:34', 'sparktc-95f8b4939edfaa22-exec-4'), ('12:34', 'sparktc-95f8b4939edfaa22-exec-5'), ('12:34', 'sparktc-95f8b4939edfaa22-exec-6'), ('12:34', 'sparktc-95f8b4939edfaa22-exec-7'), ('12:34', 'sparktc-95f8b4939edfaa22-exec-8'), ('12:42', 'sparktc-95f8b4939edfaa22-exec-1'), ('12:42', 'sparktc-95f8b4939edfaa22-exec-2'), ('12:42', 'sparktc-95f8b4939edfaa22-exec-3'), ('12:42', 'sparktc-95f8b4939edfaa22-exec-4'), ('12:43', 'sparktc-95f8b4939edfaa22-exec-5'), ('12:43', 'sparktc-95f8b4939edfaa22-exec-6'), ('12:43', 'sparktc-95f8b4939edfaa22-exec-7'), ('12:43', 'sparktc-95f8b4939edfaa22-exec-8'), ('12:51', 'sparktc-95f8b4939edfaa22-exec-1'), ('12:51', 'sparktc-95f8b4939edfaa22-exec-2'), ('12:52', 'sparktc-95f8b4939edfaa22-exec-3'), ('12:52', 'sparktc-95f8b4939edfaa22-exec-4'), ('12:52', 'sparktc-95f8b4939edfaa22-exec-5'), ('12:52', 'sparktc-95f8b4939edfaa22-exec-6'), ('12:52', 'sparktc-95f8b4939edfaa22-exec-7'), ('12:53', 'sparktc-95f8b4939edfaa22-exec-8'), ('13:01', 'sparktc-95f8b4939edfaa22-exec-1'), ('13:01', 'sparktc-95f8b4939edfaa22-exec-2'), ('13:01', 'sparktc-95f8b4939edfaa22-exec-3'), ('13:02', 'sparktc-95f8b4939edfaa22-exec-4'), ('13:02', 'sparktc-95f8b4939edfaa22-exec-5'), ('13:02', 'sparktc-95f8b4939edfaa22-exec-6'), ('13:02', 'sparktc-95f8b4939edfaa22-exec-7'), ('13:02', 'sparktc-95f8b4939edfaa22-exec-8')]"
35,2024-12-07 02:09:38.411577,,1240.328666666667,"[('10:08', 'sparktc-cc157c939ee16151-exec-1'), ('10:16', 'sparktc-cc157c939ee16151-exec-1'), ('10:24', 'sparktc-cc157c939ee16151-exec-1'), ('10:25', 'sparktc-cc157c939ee16151-exec-2'), ('10:25', 'sparktc-cc157c939ee16151-exec-3'), ('10:33', 'sparktc-cc157c939ee16151-exec-1'), ('10:33', 'sparktc-cc157c939ee16151-exec-2'), ('10:34', 'sparktc-cc157c939ee16151-exec-3'), ('10:34', 'sparktc-cc157c939ee16151-exec-4'), ('10:34', 'sparktc-cc157c939ee16151-exec-5'), ('10:34', 'sparktc-cc157c939ee16151-exec-6'), ('10:35', 'sparktc-cc157c939ee16151-exec-7'), ('10:35', 'sparktc-cc157c939ee16151-exec-8'), ('10:44', 'sparktc-cc157c939ee16151-exec-1'), ('10:45', 'sparktc-cc157c939ee16151-exec-2'), ('10:45', 'sparktc-cc157c939ee16151-exec-3'), ('10:45', 'sparktc-cc157c939ee16151-exec-4'), ('10:46', 'sparktc-cc157c939ee16151-exec-5'), ('10:46', 'sparktc-cc157c939ee16151-exec-6'), ('10:46', 'sparktc-cc157c939ee16151-exec-7'), ('10:46', 'sparktc-cc157c939ee16151-exec-8'), ('10:53', 'sparktc-cc157c939ee16151-exec-1'), ('10:53', 'sparktc-cc157c939ee16151-exec-2'), ('10:53', 'sparktc-cc157c939ee16151-exec-3'), ('10:53', 'sparktc-cc157c939ee16151-exec-4'), ('10:54', 'sparktc-cc157c939ee16151-exec-5'), ('10:54', 'sparktc-cc157c939ee16151-exec-6'), ('10:54', 'sparktc-cc157c939ee16151-exec-7'), ('10:54', 'sparktc-cc157c939ee16151-exec-8'), ('11:01', 'sparktc-cc157c939ee16151-exec-1'), ('11:01', 'sparktc-cc157c939ee16151-exec-2'), ('11:01', 'sparktc-cc157c939ee16151-exec-3'), ('11:01', 'sparktc-cc157c939ee16151-exec-4'), ('11:02', 'sparktc-cc157c939ee16151-exec-5'), ('11:02', 'sparktc-cc157c939ee16151-exec-6'), ('11:02', 'sparktc-cc157c939ee16151-exec-7'), ('11:02', 'sparktc-cc157c939ee16151-exec-8'), ('11:09', 'sparktc-cc157c939ee16151-exec-1'), ('11:09', 'sparktc-cc157c939ee16151-exec-2'), ('11:09', 'sparktc-cc157c939ee16151-exec-3'), ('11:10', 'sparktc-cc157c939ee16151-exec-4'), ('11:10', 'sparktc-cc157c939ee16151-exec-5'), ('11:10', 'sparktc-cc157c939ee16151-exec-6'), ('11:10', 'sparktc-cc157c939ee16151-exec-7'), ('11:11', 'sparktc-cc157c939ee16151-exec-8'), ('11:18', 'sparktc-cc157c939ee16151-exec-1'), ('11:18', 'sparktc-cc157c939ee16151-exec-2'), ('11:18', 'sparktc-cc157c939ee16151-exec-3'), ('11:18', 'sparktc-cc157c939ee16151-exec-4'), ('11:19', 'sparktc-cc157c939ee16151-exec-5'), ('11:19', 'sparktc-cc157c939ee16151-exec-6'), ('11:19', 'sparktc-cc157c939ee16151-exec-7'), ('11:19', 'sparktc-cc157c939ee16151-exec-8'), ('11:28', 'sparktc-cc157c939ee16151-exec-1'), ('11:28', 'sparktc-cc157c939ee16151-exec-2'), ('11:29', 'sparktc-cc157c939ee16151-exec-3'), ('11:29', 'sparktc-cc157c939ee16151-exec-4'), ('11:29', 'sparktc-cc157c939ee16151-exec-5'), ('11:29', 'sparktc-cc157c939ee16151-exec-6'), ('11:30', 'sparktc-cc157c939ee16151-exec-7'), ('11:30', 'sparktc-cc157c939ee16151-exec-8'), ('11:36', 'sparktc-cc157c939ee16151-exec-1'), ('11:37', 'sparktc-cc157c939ee16151-exec-2'), ('11:37', 'sparktc-cc157c939ee16151-exec-3'), ('11:37', 'sparktc-cc157c939ee16151-exec-4'), ('11:37', 'sparktc-cc157c939ee16151-exec-5'), ('11:38', 'sparktc-cc157c939ee16151-exec-6'), ('11:38', 'sparktc-cc157c939ee16151-exec-7'), ('11:38', 'sparktc-cc157c939ee16151-exec-8'), ('11:45', 'sparktc-cc157c939ee16151-exec-1'), ('11:45', 'sparktc-cc157c939ee16151-exec-2'), ('11:45', 'sparktc-cc157c939ee16151-exec-3'), ('11:45', 'sparktc-cc157c939ee16151-exec-4'), ('11:45', 'sparktc-cc157c939ee16151-exec-5'), ('11:46', 'sparktc-cc157c939ee16151-exec-6'), ('11:46', 'sparktc-cc157c939ee16151-exec-7'), ('11:46', 'sparktc-cc157c939ee16151-exec-8'), ('11:53', 'sparktc-cc157c939ee16151-exec-1'), ('11:53', 'sparktc-cc157c939ee16151-exec-2'), ('11:54', 'sparktc-cc157c939ee16151-exec-3'), ('11:54', 'sparktc-cc157c939ee16151-exec-4'), ('11:54', 'sparktc-cc157c939ee16151-exec-5'), ('11:54', 'sparktc-cc157c939ee16151-exec-6'), ('11:55', 'sparktc-cc157c939ee16151-exec-7'), ('11:55', 'sparktc-cc157c939ee16151-exec-8'), ('12:01', 'sparktc-cc157c939ee16151-exec-1'), ('12:01', 'sparktc-cc157c939ee16151-exec-2'), ('12:01', 'sparktc-cc157c939ee16151-exec-3'), ('12:01', 'sparktc-cc157c939ee16151-exec-4'), ('12:01', 'sparktc-cc157c939ee16151-exec-5'), ('12:02', 'sparktc-cc157c939ee16151-exec-6'), ('12:02', 'sparktc-cc157c939ee16151-exec-7'), ('12:02', 'sparktc-cc157c939ee16151-exec-8'), ('12:09', 'sparktc-cc157c939ee16151-exec-1'), ('12:09', 'sparktc-cc157c939ee16151-exec-2'), ('12:09', 'sparktc-cc157c939ee16151-exec-3'), ('12:10', 'sparktc-cc157c939ee16151-exec-4'), ('12:10', 'sparktc-cc157c939ee16151-exec-5'), ('12:10', 'sparktc-cc157c939ee16151-exec-6'), ('12:10', 'sparktc-cc157c939ee16151-exec-7'), ('12:11', 'sparktc-cc157c939ee16151-exec-8'), ('12:18', 'sparktc-cc157c939ee16151-exec-1'), ('12:18', 'sparktc-cc157c939ee16151-exec-2'), ('12:18', 'sparktc-cc157c939ee16151-exec-3'), ('12:18', 'sparktc-cc157c939ee16151-exec-4'), ('12:19', 'sparktc-cc157c939ee16151-exec-5'), ('12:19', 'sparktc-cc157c939ee16151-exec-6'), ('12:19', 'sparktc-cc157c939ee16151-exec-7'), ('12:19', 'sparktc-cc157c939ee16151-exec-8'), ('12:26', 'sparktc-cc157c939ee16151-exec-1'), ('12:26', 'sparktc-cc157c939ee16151-exec-2'), ('12:27', 'sparktc-cc157c939ee16151-exec-3'), ('12:27', 'sparktc-cc157c939ee16151-exec-4'), ('12:27', 'sparktc-cc157c939ee16151-exec-5'), ('12:27', 'sparktc-cc157c939ee16151-exec-6'), ('12:27', 'sparktc-cc157c939ee16151-exec-7'), ('12:28', 'sparktc-cc157c939ee16151-exec-8'), ('12:35', 'sparktc-cc157c939ee16151-exec-1'), ('12:35', 'sparktc-cc157c939ee16151-exec-2'), ('12:35', 'sparktc-cc157c939ee16151-exec-3'), ('12:35', 'sparktc-cc157c939ee16151-exec-4'), ('12:35', 'sparktc-cc157c939ee16151-exec-5'), ('12:36', 'sparktc-cc157c939ee16151-exec-6'), ('12:36', 'sparktc-cc157c939ee16151-exec-7'), ('12:36', 'sparktc-cc157c939ee16151-exec-8'), ('12:43', 'sparktc-cc157c939ee16151-exec-1'), ('12:44', 'sparktc-cc157c939ee16151-exec-2'), ('12:44', 'sparktc-cc157c939ee16151-exec-3'), ('12:44', 'sparktc-cc157c939ee16151-exec-4'), ('12:44', 'sparktc-cc157c939ee16151-exec-5'), ('12:44', 'sparktc-cc157c939ee16151-exec-6'), ('12:45', 'sparktc-cc157c939ee16151-exec-7'), ('12:45', 'sparktc-cc157c939ee16151-exec-8'), ('12:53', 'sparktc-cc157c939ee16151-exec-1'), ('12:53', 'sparktc-cc157c939ee16151-exec-2'), ('12:53', 'sparktc-cc157c939ee16151-exec-3'), ('12:53', 'sparktc-cc157c939ee16151-exec-4'), ('12:54', 'sparktc-cc157c939ee16151-exec-5'), ('12:54', 'sparktc-cc157c939ee16151-exec-6'), ('12:54', 'sparktc-cc157c939ee16151-exec-7'), ('12:54', 'sparktc-cc157c939ee16151-exec-8'), ('13:03', 'sparktc-cc157c939ee16151-exec-1'), ('13:03', 'sparktc-cc157c939ee16151-exec-2'), ('13:03', 'sparktc-cc157c939ee16151-exec-3'), ('13:03', 'sparktc-cc157c939ee16151-exec-4'), ('13:03', 'sparktc-cc157c939ee16151-exec-5'), ('13:04', 'sparktc-cc157c939ee16151-exec-6'), ('13:04', 'sparktc-cc157c939ee16151-exec-7'), ('13:04', 'sparktc-cc157c939ee16151-exec-8'), ('13:11', 'sparktc-cc157c939ee16151-exec-1'), ('13:11', 'sparktc-cc157c939ee16151-exec-2'), ('13:11', 'sparktc-cc157c939ee16151-exec-3'), ('13:12', 'sparktc-cc157c939ee16151-exec-4'), ('13:12', 'sparktc-cc157c939ee16151-exec-5'), ('13:12', 'sparktc-cc157c939ee16151-exec-6'), ('13:12', 'sparktc-cc157c939ee16151-exec-7'), ('13:13', 'sparktc-cc157c939ee16151-exec-8'), ('13:20', 'sparktc-cc157c939ee16151-exec-1'), ('13:21', 'sparktc-cc157c939ee16151-exec-2'), ('13:21', 'sparktc-cc157c939ee16151-exec-3'), ('13:21', 'sparktc-cc157c939ee16151-exec-4'), ('13:21', 'sparktc-cc157c939ee16151-exec-5'), ('13:22', 'sparktc-cc157c939ee16151-exec-6'), ('13:22', 'sparktc-cc157c939ee16151-exec-7'), ('13:22', 'sparktc-cc157c939ee16151-exec-8')]"
36,2024-12-07 02:10:40.097015,,846.7918333333339,"[('11:11', 'sparktc-e6104d939ee251cb-exec-1'), ('11:19', 'sparktc-e6104d939ee251cb-exec-1'), ('11:20', 'sparktc-e6104d939ee251cb-exec-2'), ('11:30', 'sparktc-e6104d939ee251cb-exec-1'), ('11:30', 'sparktc-e6104d939ee251cb-exec-2'), ('11:31', 'sparktc-e6104d939ee251cb-exec-3'), ('11:31', 'sparktc-e6104d939ee251cb-exec-4'), ('11:31', 'sparktc-e6104d939ee251cb-exec-5'), ('11:31', 'sparktc-e6104d939ee251cb-exec-6'), ('11:38', 'sparktc-e6104d939ee251cb-exec-1'), ('11:38', 'sparktc-e6104d939ee251cb-exec-2'), ('11:39', 'sparktc-e6104d939ee251cb-exec-3'), ('11:39', 'sparktc-e6104d939ee251cb-exec-4'), ('11:39', 'sparktc-e6104d939ee251cb-exec-5'), ('11:39', 'sparktc-e6104d939ee251cb-exec-6'), ('11:39', 'sparktc-e6104d939ee251cb-exec-7'), ('11:40', 'sparktc-e6104d939ee251cb-exec-8'), ('11:47', 'sparktc-e6104d939ee251cb-exec-1'), ('11:47', 'sparktc-e6104d939ee251cb-exec-2'), ('11:47', 'sparktc-e6104d939ee251cb-exec-3'), ('11:47', 'sparktc-e6104d939ee251cb-exec-4'), ('11:47', 'sparktc-e6104d939ee251cb-exec-5'), ('11:48', 'sparktc-e6104d939ee251cb-exec-6'), ('11:48', 'sparktc-e6104d939ee251cb-exec-7'), ('11:48', 'sparktc-e6104d939ee251cb-exec-8'), ('11:55', 'sparktc-e6104d939ee251cb-exec-1'), ('11:55', 'sparktc-e6104d939ee251cb-exec-2'), ('11:55', 'sparktc-e6104d939ee251cb-exec-3'), ('11:56', 'sparktc-e6104d939ee251cb-exec-4'), ('11:56', 'sparktc-e6104d939ee251cb-exec-5'), ('11:56', 'sparktc-e6104d939ee251cb-exec-6'), ('11:56', 'sparktc-e6104d939ee251cb-exec-7'), ('11:57', 'sparktc-e6104d939ee251cb-exec-8'), ('12:02', 'sparktc-e6104d939ee251cb-exec-1'), ('12:03', 'sparktc-e6104d939ee251cb-exec-2'), ('12:03', 'sparktc-e6104d939ee251cb-exec-3'), ('12:03', 'sparktc-e6104d939ee251cb-exec-4'), ('12:03', 'sparktc-e6104d939ee251cb-exec-5'), ('12:03', 'sparktc-e6104d939ee251cb-exec-6'), ('12:04', 'sparktc-e6104d939ee251cb-exec-7'), ('12:04', 'sparktc-e6104d939ee251cb-exec-8'), ('12:11', 'sparktc-e6104d939ee251cb-exec-1'), ('12:11', 'sparktc-e6104d939ee251cb-exec-2'), ('12:11', 'sparktc-e6104d939ee251cb-exec-3'), ('12:12', 'sparktc-e6104d939ee251cb-exec-4'), ('12:12', 'sparktc-e6104d939ee251cb-exec-5'), ('12:12', 'sparktc-e6104d939ee251cb-exec-6'), ('12:12', 'sparktc-e6104d939ee251cb-exec-7'), ('12:13', 'sparktc-e6104d939ee251cb-exec-8'), ('12:19', 'sparktc-e6104d939ee251cb-exec-1'), ('12:20', 'sparktc-e6104d939ee251cb-exec-2'), ('12:20', 'sparktc-e6104d939ee251cb-exec-3'), ('12:20', 'sparktc-e6104d939ee251cb-exec-4'), ('12:20', 'sparktc-e6104d939ee251cb-exec-5'), ('12:21', 'sparktc-e6104d939ee251cb-exec-6'), ('12:21', 'sparktc-e6104d939ee251cb-exec-7'), ('12:21', 'sparktc-e6104d939ee251cb-exec-8'), ('12:28', 'sparktc-e6104d939ee251cb-exec-1'), ('12:28', 'sparktc-e6104d939ee251cb-exec-2'), ('12:28', 'sparktc-e6104d939ee251cb-exec-3'), ('12:28', 'sparktc-e6104d939ee251cb-exec-4'), ('12:29', 'sparktc-e6104d939ee251cb-exec-5'), ('12:29', 'sparktc-e6104d939ee251cb-exec-6'), ('12:29', 'sparktc-e6104d939ee251cb-exec-7'), ('12:29', 'sparktc-e6104d939ee251cb-exec-8'), ('12:36', 'sparktc-e6104d939ee251cb-exec-1'), ('12:37', 'sparktc-e6104d939ee251cb-exec-2'), ('12:37', 'sparktc-e6104d939ee251cb-exec-3'), ('12:37', 'sparktc-e6104d939ee251cb-exec-4'), ('12:37', 'sparktc-e6104d939ee251cb-exec-5'), ('12:38', 'sparktc-e6104d939ee251cb-exec-6'), ('12:38', 'sparktc-e6104d939ee251cb-exec-7'), ('12:38', 'sparktc-e6104d939ee251cb-exec-8'), ('12:45', 'sparktc-e6104d939ee251cb-exec-1'), ('12:45', 'sparktc-e6104d939ee251cb-exec-2'), ('12:46', 'sparktc-e6104d939ee251cb-exec-3'), ('12:46', 'sparktc-e6104d939ee251cb-exec-4'), ('12:46', 'sparktc-e6104d939ee251cb-exec-5'), ('12:46', 'sparktc-e6104d939ee251cb-exec-6'), ('12:47', 'sparktc-e6104d939ee251cb-exec-7'), ('12:47', 'sparktc-e6104d939ee251cb-exec-8'), ('12:55', 'sparktc-e6104d939ee251cb-exec-1'), ('12:55', 'sparktc-e6104d939ee251cb-exec-2'), ('12:55', 'sparktc-e6104d939ee251cb-exec-3'), ('12:55', 'sparktc-e6104d939ee251cb-exec-4'), ('12:55', 'sparktc-e6104d939ee251cb-exec-5'), ('12:56', 'sparktc-e6104d939ee251cb-exec-6'), ('12:56', 'sparktc-e6104d939ee251cb-exec-7'), ('12:56', 'sparktc-e6104d939ee251cb-exec-8'), ('13:04', 'sparktc-e6104d939ee251cb-exec-1'), ('13:05', 'sparktc-e6104d939ee251cb-exec-2'), ('13:05', 'sparktc-e6104d939ee251cb-exec-3'), ('13:05', 'sparktc-e6104d939ee251cb-exec-4'), ('13:05', 'sparktc-e6104d939ee251cb-exec-5'), ('13:05', 'sparktc-e6104d939ee251cb-exec-6'), ('13:06', 'sparktc-e6104d939ee251cb-exec-7'), ('13:06', 'sparktc-e6104d939ee251cb-exec-8'), ('13:13', 'sparktc-e6104d939ee251cb-exec-1'), ('13:13', 'sparktc-e6104d939ee251cb-exec-2'), ('13:13', 'sparktc-e6104d939ee251cb-exec-3'), ('13:13', 'sparktc-e6104d939ee251cb-exec-4'), ('13:14', 'sparktc-e6104d939ee251cb-exec-5'), ('13:14', 'sparktc-e6104d939ee251cb-exec-6'), ('13:14', 'sparktc-e6104d939ee251cb-exec-7'), ('13:14', 'sparktc-e6104d939ee251cb-exec-8'), ('13:22', 'sparktc-e6104d939ee251cb-exec-1'), ('13:23', 'sparktc-e6104d939ee251cb-exec-2'), ('13:23', 'sparktc-e6104d939ee251cb-exec-3'), ('13:23', 'sparktc-e6104d939ee251cb-exec-4'), ('13:24', 'sparktc-e6104d939ee251cb-exec-5'), ('13:24', 'sparktc-e6104d939ee251cb-exec-6'), ('13:24', 'sparktc-e6104d939ee251cb-exec-7'), ('13:24', 'sparktc-e6104d939ee251cb-exec-8')]"
37,2024-12-07 02:11:23.341900,,532.7448333333341,"[('11:50', 'sparktc-33b5d5939ee2fb50-exec-1'), ('11:58', 'sparktc-33b5d5939ee2fb50-exec-1'), ('11:58', 'sparktc-33b5d5939ee2fb50-exec-2'), ('12:06', 'sparktc-33b5d5939ee2fb50-exec-1'), ('12:06', 'sparktc-33b5d5939ee2fb50-exec-2'), ('12:06', 'sparktc-33b5d5939ee2fb50-exec-3'), ('12:07', 'sparktc-33b5d5939ee2fb50-exec-4'), ('12:14', 'sparktc-33b5d5939ee2fb50-exec-1'), ('12:14', 'sparktc-33b5d5939ee2fb50-exec-2'), ('12:15', 'sparktc-33b5d5939ee2fb50-exec-3'), ('12:15', 'sparktc-33b5d5939ee2fb50-exec-4'), ('12:15', 'sparktc-33b5d5939ee2fb50-exec-5'), ('12:15', 'sparktc-33b5d5939ee2fb50-exec-6'), ('12:16', 'sparktc-33b5d5939ee2fb50-exec-7'), ('12:16', 'sparktc-33b5d5939ee2fb50-exec-8'), ('12:23', 'sparktc-33b5d5939ee2fb50-exec-1'), ('12:23', 'sparktc-33b5d5939ee2fb50-exec-2'), ('12:23', 'sparktc-33b5d5939ee2fb50-exec-3'), ('12:23', 'sparktc-33b5d5939ee2fb50-exec-4'), ('12:23', 'sparktc-33b5d5939ee2fb50-exec-5'), ('12:24', 'sparktc-33b5d5939ee2fb50-exec-6'), ('12:24', 'sparktc-33b5d5939ee2fb50-exec-7'), ('12:24', 'sparktc-33b5d5939ee2fb50-exec-8'), ('12:31', 'sparktc-33b5d5939ee2fb50-exec-1'), ('12:31', 'sparktc-33b5d5939ee2fb50-exec-2'), ('12:31', 'sparktc-33b5d5939ee2fb50-exec-3'), ('12:31', 'sparktc-33b5d5939ee2fb50-exec-4'), ('12:32', 'sparktc-33b5d5939ee2fb50-exec-5'), ('12:32', 'sparktc-33b5d5939ee2fb50-exec-6'), ('12:32', 'sparktc-33b5d5939ee2fb50-exec-7'), ('12:32', 'sparktc-33b5d5939ee2fb50-exec-8'), ('12:39', 'sparktc-33b5d5939ee2fb50-exec-1'), ('12:40', 'sparktc-33b5d5939ee2fb50-exec-2'), ('12:40', 'sparktc-33b5d5939ee2fb50-exec-3'), ('12:40', 'sparktc-33b5d5939ee2fb50-exec-4'), ('12:40', 'sparktc-33b5d5939ee2fb50-exec-5'), ('12:41', 'sparktc-33b5d5939ee2fb50-exec-6'), ('12:41', 'sparktc-33b5d5939ee2fb50-exec-7'), ('12:41', 'sparktc-33b5d5939ee2fb50-exec-8'), ('12:48', 'sparktc-33b5d5939ee2fb50-exec-1'), ('12:48', 'sparktc-33b5d5939ee2fb50-exec-2'), ('12:49', 'sparktc-33b5d5939ee2fb50-exec-3'), ('12:49', 'sparktc-33b5d5939ee2fb50-exec-4'), ('12:49', 'sparktc-33b5d5939ee2fb50-exec-5'), ('12:49', 'sparktc-33b5d5939ee2fb50-exec-6'), ('12:50', 'sparktc-33b5d5939ee2fb50-exec-7'), ('12:50', 'sparktc-33b5d5939ee2fb50-exec-8'), ('12:58', 'sparktc-33b5d5939ee2fb50-exec-1'), ('12:58', 'sparktc-33b5d5939ee2fb50-exec-2'), ('12:58', 'sparktc-33b5d5939ee2fb50-exec-3'), ('12:58', 'sparktc-33b5d5939ee2fb50-exec-4'), ('12:58', 'sparktc-33b5d5939ee2fb50-exec-5'), ('12:59', 'sparktc-33b5d5939ee2fb50-exec-6'), ('12:59', 'sparktc-33b5d5939ee2fb50-exec-7'), ('12:59', 'sparktc-33b5d5939ee2fb50-exec-8'), ('13:08', 'sparktc-33b5d5939ee2fb50-exec-1'), ('13:08', 'sparktc-33b5d5939ee2fb50-exec-2'), ('13:08', 'sparktc-33b5d5939ee2fb50-exec-3'), ('13:08', 'sparktc-33b5d5939ee2fb50-exec-4'), ('13:08', 'sparktc-33b5d5939ee2fb50-exec-5'), ('13:09', 'sparktc-33b5d5939ee2fb50-exec-6'), ('13:09', 'sparktc-33b5d5939ee2fb50-exec-7'), ('13:09', 'sparktc-33b5d5939ee2fb50-exec-8'), ('13:16', 'sparktc-33b5d5939ee2fb50-exec-1'), ('13:17', 'sparktc-33b5d5939ee2fb50-exec-2'), ('13:17', 'sparktc-33b5d5939ee2fb50-exec-3'), ('13:17', 'sparktc-33b5d5939ee2fb50-exec-4'), ('13:17', 'sparktc-33b5d5939ee2fb50-exec-5'), ('13:18', 'sparktc-33b5d5939ee2fb50-exec-6'), ('13:18', 'sparktc-33b5d5939ee2fb50-exec-7'), ('13:18', 'sparktc-33b5d5939ee2fb50-exec-8')]"
38,2024-12-07 02:12:05.252737,,232.58266666666657,"[('12:33', 'sparktc-77ebaa939ee3a0de-exec-1'), ('12:41', 'sparktc-77ebaa939ee3a0de-exec-1'), ('12:41', 'sparktc-77ebaa939ee3a0de-exec-2'), ('12:50', 'sparktc-77ebaa939ee3a0de-exec-1'), ('12:50', 'sparktc-77ebaa939ee3a0de-exec-2'), ('12:51', 'sparktc-77ebaa939ee3a0de-exec-3'), ('12:51', 'sparktc-77ebaa939ee3a0de-exec-4'), ('12:59', 'sparktc-77ebaa939ee3a0de-exec-1'), ('12:59', 'sparktc-77ebaa939ee3a0de-exec-2'), ('13:00', 'sparktc-77ebaa939ee3a0de-exec-3'), ('13:00', 'sparktc-77ebaa939ee3a0de-exec-4'), ('13:00', 'sparktc-77ebaa939ee3a0de-exec-5'), ('13:00', 'sparktc-77ebaa939ee3a0de-exec-6'), ('13:01', 'sparktc-77ebaa939ee3a0de-exec-7'), ('13:01', 'sparktc-77ebaa939ee3a0de-exec-8'), ('13:09', 'sparktc-77ebaa939ee3a0de-exec-1'), ('13:10', 'sparktc-77ebaa939ee3a0de-exec-2'), ('13:10', 'sparktc-77ebaa939ee3a0de-exec-3'), ('13:10', 'sparktc-77ebaa939ee3a0de-exec-4'), ('13:10', 'sparktc-77ebaa939ee3a0de-exec-5'), ('13:10', 'sparktc-77ebaa939ee3a0de-exec-6'), ('13:11', 'sparktc-77ebaa939ee3a0de-exec-7'), ('13:11', 'sparktc-77ebaa939ee3a0de-exec-8'), ('13:18', 'sparktc-77ebaa939ee3a0de-exec-1'), ('13:18', 'sparktc-77ebaa939ee3a0de-exec-2'), ('13:19', 'sparktc-77ebaa939ee3a0de-exec-3'), ('13:19', 'sparktc-77ebaa939ee3a0de-exec-4'), ('13:19', 'sparktc-77ebaa939ee3a0de-exec-5'), ('13:20', 'sparktc-77ebaa939ee3a0de-exec-6'), ('13:20', 'sparktc-77ebaa939ee3a0de-exec-7'), ('13:20', 'sparktc-77ebaa939ee3a0de-exec-8')]"
39,2024-12-07 02:13:15.753978,,0.0,[]
