job_id,start_time,end_time,carbon_footprint,executors
0,2024-12-28 08:47:48.875358,2024-12-28 08:48:42.782952,720.804666666667,"[('48:09', 'task-simulation-8ff2ab940c737b4b-exec-1'), ('48:11', 'task-simulation-8ff2ab940c737b4b-exec-1'), ('48:11', 'task-simulation-8ff2ab940c737b4b-exec-2'), ('48:11', 'task-simulation-8ff2ab940c737b4b-exec-3'), ('48:13', 'task-simulation-8ff2ab940c737b4b-exec-1'), ('48:13', 'task-simulation-8ff2ab940c737b4b-exec-2'), ('48:13', 'task-simulation-8ff2ab940c737b4b-exec-3'), ('48:13', 'task-simulation-8ff2ab940c737b4b-exec-4'), ('48:13', 'task-simulation-8ff2ab940c737b4b-exec-5'), ('48:14', 'task-simulation-8ff2ab940c737b4b-exec-6'), ('48:15', 'task-simulation-8ff2ab940c737b4b-exec-1'), ('48:16', 'task-simulation-8ff2ab940c737b4b-exec-2'), ('48:16', 'task-simulation-8ff2ab940c737b4b-exec-3'), ('48:16', 'task-simulation-8ff2ab940c737b4b-exec-4'), ('48:16', 'task-simulation-8ff2ab940c737b4b-exec-5'), ('48:16', 'task-simulation-8ff2ab940c737b4b-exec-6'), ('48:18', 'task-simulation-8ff2ab940c737b4b-exec-1'), ('48:18', 'task-simulation-8ff2ab940c737b4b-exec-2'), ('48:19', 'task-simulation-8ff2ab940c737b4b-exec-3'), ('48:19', 'task-simulation-8ff2ab940c737b4b-exec-4'), ('48:19', 'task-simulation-8ff2ab940c737b4b-exec-5'), ('48:20', 'task-simulation-8ff2ab940c737b4b-exec-6'), ('48:21', 'task-simulation-8ff2ab940c737b4b-exec-1'), ('48:22', 'task-simulation-8ff2ab940c737b4b-exec-2'), ('48:22', 'task-simulation-8ff2ab940c737b4b-exec-3'), ('48:22', 'task-simulation-8ff2ab940c737b4b-exec-4'), ('48:23', 'task-simulation-8ff2ab940c737b4b-exec-5'), ('48:23', 'task-simulation-8ff2ab940c737b4b-exec-6'), ('48:25', 'task-simulation-8ff2ab940c737b4b-exec-1'), ('48:25', 'task-simulation-8ff2ab940c737b4b-exec-2'), ('48:25', 'task-simulation-8ff2ab940c737b4b-exec-3'), ('48:26', 'task-simulation-8ff2ab940c737b4b-exec-4'), ('48:26', 'task-simulation-8ff2ab940c737b4b-exec-5'), ('48:26', 'task-simulation-8ff2ab940c737b4b-exec-6'), ('48:28', 'task-simulation-8ff2ab940c737b4b-exec-1'), ('48:28', 'task-simulation-8ff2ab940c737b4b-exec-2'), ('48:28', 'task-simulation-8ff2ab940c737b4b-exec-3'), ('48:28', 'task-simulation-8ff2ab940c737b4b-exec-4'), ('48:29', 'task-simulation-8ff2ab940c737b4b-exec-5'), ('48:29', 'task-simulation-8ff2ab940c737b4b-exec-6'), ('48:30', 'task-simulation-8ff2ab940c737b4b-exec-1'), ('48:31', 'task-simulation-8ff2ab940c737b4b-exec-2'), ('48:31', 'task-simulation-8ff2ab940c737b4b-exec-3'), ('48:31', 'task-simulation-8ff2ab940c737b4b-exec-4'), ('48:32', 'task-simulation-8ff2ab940c737b4b-exec-5'), ('48:32', 'task-simulation-8ff2ab940c737b4b-exec-6'), ('48:33', 'task-simulation-8ff2ab940c737b4b-exec-1'), ('48:33', 'task-simulation-8ff2ab940c737b4b-exec-2'), ('48:34', 'task-simulation-8ff2ab940c737b4b-exec-3'), ('48:34', 'task-simulation-8ff2ab940c737b4b-exec-4'), ('48:34', 'task-simulation-8ff2ab940c737b4b-exec-5'), ('48:34', 'task-simulation-8ff2ab940c737b4b-exec-6'), ('48:36', 'task-simulation-8ff2ab940c737b4b-exec-1'), ('48:36', 'task-simulation-8ff2ab940c737b4b-exec-2'), ('48:36', 'task-simulation-8ff2ab940c737b4b-exec-3'), ('48:37', 'task-simulation-8ff2ab940c737b4b-exec-4'), ('48:37', 'task-simulation-8ff2ab940c737b4b-exec-5'), ('48:37', 'task-simulation-8ff2ab940c737b4b-exec-6')]"
1,2024-12-28 08:47:53.706086,2024-12-28 08:48:35.882325,62.13833333333333,"[('48:15', 'task-simulation-018f99940c7392d9-exec-1'), ('48:18', 'task-simulation-018f99940c7392d9-exec-1'), ('48:21', 'task-simulation-018f99940c7392d9-exec-1'), ('48:25', 'task-simulation-018f99940c7392d9-exec-1'), ('48:28', 'task-simulation-018f99940c7392d9-exec-1')]"
2,2024-12-28 08:47:58.580441,2024-12-28 08:48:27.643823,24.85533333333333,"[('48:18', 'task-simulation-24ab16940c73a000-exec-1'), ('48:21', 'task-simulation-24ab16940c73a000-exec-1')]"
3,2024-12-28 08:48:17.866325,2024-12-28 08:48:55.293527,347.6026666666664,"[('48:36', 'task-simulation-365000940c73e832-exec-1'), ('48:38', 'task-simulation-365000940c73e832-exec-1'), ('48:39', 'task-simulation-365000940c73e832-exec-2'), ('48:39', 'task-simulation-365000940c73e832-exec-3'), ('48:40', 'task-simulation-365000940c73e832-exec-1'), ('48:40', 'task-simulation-365000940c73e832-exec-2'), ('48:41', 'task-simulation-365000940c73e832-exec-3'), ('48:41', 'task-simulation-365000940c73e832-exec-4'), ('48:41', 'task-simulation-365000940c73e832-exec-5'), ('48:41', 'task-simulation-365000940c73e832-exec-6'), ('48:43', 'task-simulation-365000940c73e832-exec-1'), ('48:43', 'task-simulation-365000940c73e832-exec-2'), ('48:43', 'task-simulation-365000940c73e832-exec-3'), ('48:44', 'task-simulation-365000940c73e832-exec-4'), ('48:44', 'task-simulation-365000940c73e832-exec-5'), ('48:44', 'task-simulation-365000940c73e832-exec-6'), ('48:46', 'task-simulation-365000940c73e832-exec-1'), ('48:46', 'task-simulation-365000940c73e832-exec-2'), ('48:46', 'task-simulation-365000940c73e832-exec-3'), ('48:47', 'task-simulation-365000940c73e832-exec-4'), ('48:47', 'task-simulation-365000940c73e832-exec-5'), ('48:47', 'task-simulation-365000940c73e832-exec-6'), ('48:50', 'task-simulation-365000940c73e832-exec-1'), ('48:50', 'task-simulation-365000940c73e832-exec-2'), ('48:50', 'task-simulation-365000940c73e832-exec-3'), ('48:51', 'task-simulation-365000940c73e832-exec-4'), ('48:51', 'task-simulation-365000940c73e832-exec-5'), ('48:51', 'task-simulation-365000940c73e832-exec-6')]"
4,2024-12-28 08:48:24.654503,2024-12-28 08:49:15.364404,705.029,"[('48:45', 'task-simulation-1981d4940c74041f-exec-1'), ('48:46', 'task-simulation-1981d4940c74041f-exec-2'), ('48:46', 'task-simulation-1981d4940c74041f-exec-3'), ('48:48', 'task-simulation-1981d4940c74041f-exec-1'), ('48:49', 'task-simulation-1981d4940c74041f-exec-2'), ('48:49', 'task-simulation-1981d4940c74041f-exec-3'), ('48:49', 'task-simulation-1981d4940c74041f-exec-4'), ('48:49', 'task-simulation-1981d4940c74041f-exec-5'), ('48:50', 'task-simulation-1981d4940c74041f-exec-6'), ('48:52', 'task-simulation-1981d4940c74041f-exec-1'), ('48:53', 'task-simulation-1981d4940c74041f-exec-2'), ('48:53', 'task-simulation-1981d4940c74041f-exec-3'), ('48:53', 'task-simulation-1981d4940c74041f-exec-4'), ('48:54', 'task-simulation-1981d4940c74041f-exec-5'), ('48:54', 'task-simulation-1981d4940c74041f-exec-6'), ('48:55', 'task-simulation-1981d4940c74041f-exec-1'), ('48:55', 'task-simulation-1981d4940c74041f-exec-2'), ('48:56', 'task-simulation-1981d4940c74041f-exec-3'), ('48:56', 'task-simulation-1981d4940c74041f-exec-4'), ('48:56', 'task-simulation-1981d4940c74041f-exec-5'), ('48:56', 'task-simulation-1981d4940c74041f-exec-6'), ('48:58', 'task-simulation-1981d4940c74041f-exec-1'), ('48:58', 'task-simulation-1981d4940c74041f-exec-2'), ('48:58', 'task-simulation-1981d4940c74041f-exec-3'), ('48:58', 'task-simulation-1981d4940c74041f-exec-4'), ('48:58', 'task-simulation-1981d4940c74041f-exec-5'), ('48:59', 'task-simulation-1981d4940c74041f-exec-6'), ('49:00', 'task-simulation-1981d4940c74041f-exec-1'), ('49:00', 'task-simulation-1981d4940c74041f-exec-2'), ('49:00', 'task-simulation-1981d4940c74041f-exec-3'), ('49:01', 'task-simulation-1981d4940c74041f-exec-4'), ('49:01', 'task-simulation-1981d4940c74041f-exec-5'), ('49:01', 'task-simulation-1981d4940c74041f-exec-6'), ('49:02', 'task-simulation-1981d4940c74041f-exec-1'), ('49:03', 'task-simulation-1981d4940c74041f-exec-2'), ('49:03', 'task-simulation-1981d4940c74041f-exec-3'), ('49:03', 'task-simulation-1981d4940c74041f-exec-4'), ('49:03', 'task-simulation-1981d4940c74041f-exec-5'), ('49:03', 'task-simulation-1981d4940c74041f-exec-6'), ('49:05', 'task-simulation-1981d4940c74041f-exec-1'), ('49:05', 'task-simulation-1981d4940c74041f-exec-2'), ('49:05', 'task-simulation-1981d4940c74041f-exec-3'), ('49:05', 'task-simulation-1981d4940c74041f-exec-4'), ('49:06', 'task-simulation-1981d4940c74041f-exec-5'), ('49:06', 'task-simulation-1981d4940c74041f-exec-6'), ('49:07', 'task-simulation-1981d4940c74041f-exec-1'), ('49:07', 'task-simulation-1981d4940c74041f-exec-2'), ('49:08', 'task-simulation-1981d4940c74041f-exec-3'), ('49:08', 'task-simulation-1981d4940c74041f-exec-4'), ('49:08', 'task-simulation-1981d4940c74041f-exec-5'), ('49:08', 'task-simulation-1981d4940c74041f-exec-6'), ('49:09', 'task-simulation-1981d4940c74041f-exec-1'), ('49:10', 'task-simulation-1981d4940c74041f-exec-2'), ('49:10', 'task-simulation-1981d4940c74041f-exec-3'), ('49:10', 'task-simulation-1981d4940c74041f-exec-4'), ('49:10', 'task-simulation-1981d4940c74041f-exec-5'), ('49:10', 'task-simulation-1981d4940c74041f-exec-6')]"
5,2024-12-28 08:50:11.910480,2024-12-28 08:50:48.730909,332.739,"[('50:32', 'task-simulation-6661ff940c75a65c-exec-1'), ('50:33', 'task-simulation-6661ff940c75a65c-exec-1'), ('50:33', 'task-simulation-6661ff940c75a65c-exec-2'), ('50:35', 'task-simulation-6661ff940c75a65c-exec-1'), ('50:35', 'task-simulation-6661ff940c75a65c-exec-2'), ('50:35', 'task-simulation-6661ff940c75a65c-exec-3'), ('50:36', 'task-simulation-6661ff940c75a65c-exec-4'), ('50:36', 'task-simulation-6661ff940c75a65c-exec-5'), ('50:36', 'task-simulation-6661ff940c75a65c-exec-6'), ('50:37', 'task-simulation-6661ff940c75a65c-exec-1'), ('50:38', 'task-simulation-6661ff940c75a65c-exec-2'), ('50:38', 'task-simulation-6661ff940c75a65c-exec-3'), ('50:38', 'task-simulation-6661ff940c75a65c-exec-4'), ('50:38', 'task-simulation-6661ff940c75a65c-exec-5'), ('50:39', 'task-simulation-6661ff940c75a65c-exec-6'), ('50:40', 'task-simulation-6661ff940c75a65c-exec-1'), ('50:40', 'task-simulation-6661ff940c75a65c-exec-2'), ('50:40', 'task-simulation-6661ff940c75a65c-exec-3'), ('50:40', 'task-simulation-6661ff940c75a65c-exec-4'), ('50:41', 'task-simulation-6661ff940c75a65c-exec-5'), ('50:41', 'task-simulation-6661ff940c75a65c-exec-6'), ('50:42', 'task-simulation-6661ff940c75a65c-exec-1'), ('50:43', 'task-simulation-6661ff940c75a65c-exec-2'), ('50:43', 'task-simulation-6661ff940c75a65c-exec-3'), ('50:43', 'task-simulation-6661ff940c75a65c-exec-4'), ('50:43', 'task-simulation-6661ff940c75a65c-exec-5'), ('50:43', 'task-simulation-6661ff940c75a65c-exec-6')]"
6,2024-12-28 08:50:23.661154,2024-12-28 08:50:49.876821,24.647333333333332,"[('50:44', 'task-simulation-e4aeaa940c75cf4f-exec-1'), ('50:45', 'task-simulation-e4aeaa940c75cf4f-exec-1')]"
7,2024-12-28 08:51:02.306992,2024-12-28 08:51:39.449388,405.438,"[('51:23', 'task-simulation-dcd7a5940c766a96-exec-1'), ('51:23', 'task-simulation-dcd7a5940c766a96-exec-2'), ('51:23', 'task-simulation-dcd7a5940c766a96-exec-3'), ('51:25', 'task-simulation-dcd7a5940c766a96-exec-1'), ('51:25', 'task-simulation-dcd7a5940c766a96-exec-2'), ('51:25', 'task-simulation-dcd7a5940c766a96-exec-3'), ('51:26', 'task-simulation-dcd7a5940c766a96-exec-4'), ('51:26', 'task-simulation-dcd7a5940c766a96-exec-5'), ('51:26', 'task-simulation-dcd7a5940c766a96-exec-6'), ('51:28', 'task-simulation-dcd7a5940c766a96-exec-1'), ('51:28', 'task-simulation-dcd7a5940c766a96-exec-2'), ('51:28', 'task-simulation-dcd7a5940c766a96-exec-3'), ('51:28', 'task-simulation-dcd7a5940c766a96-exec-4'), ('51:29', 'task-simulation-dcd7a5940c766a96-exec-5'), ('51:29', 'task-simulation-dcd7a5940c766a96-exec-6'), ('51:30', 'task-simulation-dcd7a5940c766a96-exec-1'), ('51:31', 'task-simulation-dcd7a5940c766a96-exec-2'), ('51:31', 'task-simulation-dcd7a5940c766a96-exec-3'), ('51:31', 'task-simulation-dcd7a5940c766a96-exec-4'), ('51:31', 'task-simulation-dcd7a5940c766a96-exec-5'), ('51:31', 'task-simulation-dcd7a5940c766a96-exec-6'), ('51:33', 'task-simulation-dcd7a5940c766a96-exec-1'), ('51:33', 'task-simulation-dcd7a5940c766a96-exec-2'), ('51:33', 'task-simulation-dcd7a5940c766a96-exec-3'), ('51:33', 'task-simulation-dcd7a5940c766a96-exec-4'), ('51:34', 'task-simulation-dcd7a5940c766a96-exec-5'), ('51:34', 'task-simulation-dcd7a5940c766a96-exec-6'), ('51:35', 'task-simulation-dcd7a5940c766a96-exec-1'), ('51:36', 'task-simulation-dcd7a5940c766a96-exec-2'), ('51:36', 'task-simulation-dcd7a5940c766a96-exec-3'), ('51:36', 'task-simulation-dcd7a5940c766a96-exec-4'), ('51:36', 'task-simulation-dcd7a5940c766a96-exec-5'), ('51:37', 'task-simulation-dcd7a5940c766a96-exec-6')]"
8,2024-12-28 08:51:22.888783,2024-12-28 08:51:49.394608,36.858,"[('51:42', 'task-simulation-6a95e3940c76bad5-exec-1'), ('51:43', 'task-simulation-6a95e3940c76bad5-exec-1'), ('51:44', 'task-simulation-6a95e3940c76bad5-exec-1')]"
9,2024-12-28 08:51:35.328807,2024-12-28 08:52:04.691937,49.01,"[('51:54', 'task-simulation-ce4870940c76eaed-exec-1'), ('51:56', 'task-simulation-ce4870940c76eaed-exec-1'), ('51:57', 'task-simulation-ce4870940c76eaed-exec-1'), ('51:59', 'task-simulation-ce4870940c76eaed-exec-1')]"
10,2024-12-28 08:51:51.775784,2024-12-28 08:52:19.653088,49.01,"[('52:11', 'task-simulation-f3c204940c772e17-exec-1'), ('52:12', 'task-simulation-f3c204940c772e17-exec-1'), ('52:13', 'task-simulation-f3c204940c772e17-exec-1'), ('52:15', 'task-simulation-f3c204940c772e17-exec-1')]"
12,2024-12-28 08:52:02.351604,2024-12-28 08:52:39.820478,392.08,"[('52:22', 'task-simulation-079d36940c7753b8-exec-1'), ('52:22', 'task-simulation-079d36940c7753b8-exec-2'), ('52:23', 'task-simulation-079d36940c7753b8-exec-1'), ('52:23', 'task-simulation-079d36940c7753b8-exec-2'), ('52:24', 'task-simulation-079d36940c7753b8-exec-3'), ('52:24', 'task-simulation-079d36940c7753b8-exec-4'), ('52:24', 'task-simulation-079d36940c7753b8-exec-5'), ('52:24', 'task-simulation-079d36940c7753b8-exec-6'), ('52:26', 'task-simulation-079d36940c7753b8-exec-1'), ('52:26', 'task-simulation-079d36940c7753b8-exec-2'), ('52:26', 'task-simulation-079d36940c7753b8-exec-3'), ('52:26', 'task-simulation-079d36940c7753b8-exec-4'), ('52:27', 'task-simulation-079d36940c7753b8-exec-5'), ('52:27', 'task-simulation-079d36940c7753b8-exec-6'), ('52:28', 'task-simulation-079d36940c7753b8-exec-1'), ('52:29', 'task-simulation-079d36940c7753b8-exec-2'), ('52:29', 'task-simulation-079d36940c7753b8-exec-3'), ('52:29', 'task-simulation-079d36940c7753b8-exec-4'), ('52:29', 'task-simulation-079d36940c7753b8-exec-5'), ('52:30', 'task-simulation-079d36940c7753b8-exec-6'), ('52:31', 'task-simulation-079d36940c7753b8-exec-1'), ('52:31', 'task-simulation-079d36940c7753b8-exec-2'), ('52:31', 'task-simulation-079d36940c7753b8-exec-3'), ('52:32', 'task-simulation-079d36940c7753b8-exec-4'), ('52:32', 'task-simulation-079d36940c7753b8-exec-5'), ('52:32', 'task-simulation-079d36940c7753b8-exec-6'), ('52:34', 'task-simulation-079d36940c7753b8-exec-1'), ('52:34', 'task-simulation-079d36940c7753b8-exec-2'), ('52:35', 'task-simulation-079d36940c7753b8-exec-3'), ('52:35', 'task-simulation-079d36940c7753b8-exec-4'), ('52:35', 'task-simulation-079d36940c7753b8-exec-5'), ('52:36', 'task-simulation-079d36940c7753b8-exec-6')]"
13,2024-12-28 08:52:25.865518,2024-12-28 08:52:54.683284,61.16583333333333,"[('52:44', 'task-simulation-5545ef940c77aff5-exec-1'), ('52:45', 'task-simulation-5545ef940c77aff5-exec-1'), ('52:46', 'task-simulation-5545ef940c77aff5-exec-1'), ('52:48', 'task-simulation-5545ef940c77aff5-exec-1'), ('52:49', 'task-simulation-5545ef940c77aff5-exec-1')]"
14,2024-12-28 08:52:31.089828,2024-12-28 08:53:02.047553,48.623333333333335,"[('52:52', 'task-simulation-453450940c77cc9b-exec-1'), ('52:53', 'task-simulation-453450940c77cc9b-exec-1'), ('52:55', 'task-simulation-453450940c77cc9b-exec-1'), ('52:56', 'task-simulation-453450940c77cc9b-exec-1')]"
15,2024-12-28 08:52:33.873278,2024-12-28 08:53:04.648396,36.4675,"[('52:56', 'task-simulation-8632c8940c77d916-exec-1'), ('52:58', 'task-simulation-8632c8940c77d916-exec-1'), ('52:59', 'task-simulation-8632c8940c77d916-exec-1')]"
16,2024-12-28 08:52:38.503456,2024-12-28 08:53:08.061097,36.4675,"[('52:59', 'task-simulation-1b6c80940c77e71a-exec-1'), ('53:01', 'task-simulation-1b6c80940c77e71a-exec-1'), ('53:02', 'task-simulation-1b6c80940c77e71a-exec-1')]"
17,2024-12-28 08:52:59.066336,2024-12-28 08:53:26.593523,48.623333333333335,"[('53:17', 'task-simulation-12ab05940c783284-exec-1'), ('53:19', 'task-simulation-12ab05940c783284-exec-1'), ('53:20', 'task-simulation-12ab05940c783284-exec-1'), ('53:22', 'task-simulation-12ab05940c783284-exec-1')]"
18,2024-12-28 08:53:13.784132,2024-12-28 08:53:46.471377,170.18166666666667,"[('53:33', 'task-simulation-e41a72940c786c9b-exec-1'), ('53:34', 'task-simulation-e41a72940c786c9b-exec-2'), ('53:35', 'task-simulation-e41a72940c786c9b-exec-1'), ('53:35', 'task-simulation-e41a72940c786c9b-exec-2'), ('53:35', 'task-simulation-e41a72940c786c9b-exec-3'), ('53:37', 'task-simulation-e41a72940c786c9b-exec-1'), ('53:37', 'task-simulation-e41a72940c786c9b-exec-2'), ('53:37', 'task-simulation-e41a72940c786c9b-exec-3'), ('53:39', 'task-simulation-e41a72940c786c9b-exec-1'), ('53:39', 'task-simulation-e41a72940c786c9b-exec-2'), ('53:39', 'task-simulation-e41a72940c786c9b-exec-3'), ('53:41', 'task-simulation-e41a72940c786c9b-exec-1'), ('53:41', 'task-simulation-e41a72940c786c9b-exec-2'), ('53:41', 'task-simulation-e41a72940c786c9b-exec-3')]"
19,2024-12-28 08:53:32.306356,2024-12-28 08:55:18.733129,2278.749999999994,"[('53:53', 'task-simulation-54cee9940c78b4de-exec-1'), ('53:54', 'task-simulation-54cee9940c78b4de-exec-2'), ('53:55', 'task-simulation-54cee9940c78b4de-exec-1'), ('53:55', 'task-simulation-54cee9940c78b4de-exec-2'), ('53:55', 'task-simulation-54cee9940c78b4de-exec-3'), ('53:56', 'task-simulation-54cee9940c78b4de-exec-4'), ('53:56', 'task-simulation-54cee9940c78b4de-exec-5'), ('53:56', 'task-simulation-54cee9940c78b4de-exec-6'), ('53:58', 'task-simulation-54cee9940c78b4de-exec-1'), ('53:58', 'task-simulation-54cee9940c78b4de-exec-2'), ('53:58', 'task-simulation-54cee9940c78b4de-exec-3'), ('53:59', 'task-simulation-54cee9940c78b4de-exec-4'), ('53:59', 'task-simulation-54cee9940c78b4de-exec-5'), ('53:59', 'task-simulation-54cee9940c78b4de-exec-6'), ('54:01', 'task-simulation-54cee9940c78b4de-exec-1'), ('54:01', 'task-simulation-54cee9940c78b4de-exec-2'), ('54:01', 'task-simulation-54cee9940c78b4de-exec-3'), ('54:02', 'task-simulation-54cee9940c78b4de-exec-4'), ('54:02', 'task-simulation-54cee9940c78b4de-exec-5'), ('54:02', 'task-simulation-54cee9940c78b4de-exec-6'), ('54:03', 'task-simulation-54cee9940c78b4de-exec-1'), ('54:04', 'task-simulation-54cee9940c78b4de-exec-2'), ('54:04', 'task-simulation-54cee9940c78b4de-exec-3'), ('54:04', 'task-simulation-54cee9940c78b4de-exec-4'), ('54:05', 'task-simulation-54cee9940c78b4de-exec-5'), ('54:05', 'task-simulation-54cee9940c78b4de-exec-6'), ('54:06', 'task-simulation-54cee9940c78b4de-exec-1'), ('54:07', 'task-simulation-54cee9940c78b4de-exec-2'), ('54:07', 'task-simulation-54cee9940c78b4de-exec-3'), ('54:07', 'task-simulation-54cee9940c78b4de-exec-4'), ('54:07', 'task-simulation-54cee9940c78b4de-exec-5'), ('54:07', 'task-simulation-54cee9940c78b4de-exec-6'), ('54:09', 'task-simulation-54cee9940c78b4de-exec-1'), ('54:09', 'task-simulation-54cee9940c78b4de-exec-2'), ('54:09', 'task-simulation-54cee9940c78b4de-exec-3'), ('54:09', 'task-simulation-54cee9940c78b4de-exec-4'), ('54:10', 'task-simulation-54cee9940c78b4de-exec-5'), ('54:10', 'task-simulation-54cee9940c78b4de-exec-6'), ('54:11', 'task-simulation-54cee9940c78b4de-exec-1'), ('54:11', 'task-simulation-54cee9940c78b4de-exec-2'), ('54:12', 'task-simulation-54cee9940c78b4de-exec-3'), ('54:12', 'task-simulation-54cee9940c78b4de-exec-4'), ('54:12', 'task-simulation-54cee9940c78b4de-exec-5'), ('54:12', 'task-simulation-54cee9940c78b4de-exec-6'), ('54:13', 'task-simulation-54cee9940c78b4de-exec-1'), ('54:14', 'task-simulation-54cee9940c78b4de-exec-2'), ('54:14', 'task-simulation-54cee9940c78b4de-exec-3'), ('54:14', 'task-simulation-54cee9940c78b4de-exec-4'), ('54:14', 'task-simulation-54cee9940c78b4de-exec-5'), ('54:15', 'task-simulation-54cee9940c78b4de-exec-6'), ('54:16', 'task-simulation-54cee9940c78b4de-exec-1'), ('54:16', 'task-simulation-54cee9940c78b4de-exec-2'), ('54:17', 'task-simulation-54cee9940c78b4de-exec-3'), ('54:17', 'task-simulation-54cee9940c78b4de-exec-4'), ('54:17', 'task-simulation-54cee9940c78b4de-exec-5'), ('54:17', 'task-simulation-54cee9940c78b4de-exec-6'), ('54:19', 'task-simulation-54cee9940c78b4de-exec-1'), ('54:19', 'task-simulation-54cee9940c78b4de-exec-2'), ('54:19', 'task-simulation-54cee9940c78b4de-exec-3'), ('54:19', 'task-simulation-54cee9940c78b4de-exec-4'), ('54:20', 'task-simulation-54cee9940c78b4de-exec-5'), ('54:20', 'task-simulation-54cee9940c78b4de-exec-6'), ('54:21', 'task-simulation-54cee9940c78b4de-exec-1'), ('54:21', 'task-simulation-54cee9940c78b4de-exec-2'), ('54:22', 'task-simulation-54cee9940c78b4de-exec-3'), ('54:22', 'task-simulation-54cee9940c78b4de-exec-4'), ('54:22', 'task-simulation-54cee9940c78b4de-exec-5'), ('54:22', 'task-simulation-54cee9940c78b4de-exec-6'), ('54:24', 'task-simulation-54cee9940c78b4de-exec-1'), ('54:24', 'task-simulation-54cee9940c78b4de-exec-2'), ('54:24', 'task-simulation-54cee9940c78b4de-exec-3'), ('54:24', 'task-simulation-54cee9940c78b4de-exec-4'), ('54:25', 'task-simulation-54cee9940c78b4de-exec-5'), ('54:25', 'task-simulation-54cee9940c78b4de-exec-6'), ('54:26', 'task-simulation-54cee9940c78b4de-exec-1'), ('54:26', 'task-simulation-54cee9940c78b4de-exec-2'), ('54:26', 'task-simulation-54cee9940c78b4de-exec-3'), ('54:27', 'task-simulation-54cee9940c78b4de-exec-4'), ('54:27', 'task-simulation-54cee9940c78b4de-exec-5'), ('54:27', 'task-simulation-54cee9940c78b4de-exec-6'), ('54:29', 'task-simulation-54cee9940c78b4de-exec-1'), ('54:29', 'task-simulation-54cee9940c78b4de-exec-2'), ('54:29', 'task-simulation-54cee9940c78b4de-exec-3'), ('54:29', 'task-simulation-54cee9940c78b4de-exec-4'), ('54:29', 'task-simulation-54cee9940c78b4de-exec-5'), ('54:30', 'task-simulation-54cee9940c78b4de-exec-6'), ('54:31', 'task-simulation-54cee9940c78b4de-exec-1'), ('54:31', 'task-simulation-54cee9940c78b4de-exec-2'), ('54:31', 'task-simulation-54cee9940c78b4de-exec-3'), ('54:32', 'task-simulation-54cee9940c78b4de-exec-4'), ('54:32', 'task-simulation-54cee9940c78b4de-exec-5'), ('54:32', 'task-simulation-54cee9940c78b4de-exec-6'), ('54:34', 'task-simulation-54cee9940c78b4de-exec-1'), ('54:34', 'task-simulation-54cee9940c78b4de-exec-2'), ('54:34', 'task-simulation-54cee9940c78b4de-exec-3'), ('54:34', 'task-simulation-54cee9940c78b4de-exec-4'), ('54:35', 'task-simulation-54cee9940c78b4de-exec-5'), ('54:35', 'task-simulation-54cee9940c78b4de-exec-6'), ('54:36', 'task-simulation-54cee9940c78b4de-exec-1'), ('54:37', 'task-simulation-54cee9940c78b4de-exec-2'), ('54:37', 'task-simulation-54cee9940c78b4de-exec-3'), ('54:37', 'task-simulation-54cee9940c78b4de-exec-4'), ('54:37', 'task-simulation-54cee9940c78b4de-exec-5'), ('54:38', 'task-simulation-54cee9940c78b4de-exec-6'), ('54:39', 'task-simulation-54cee9940c78b4de-exec-1'), ('54:40', 'task-simulation-54cee9940c78b4de-exec-2'), ('54:40', 'task-simulation-54cee9940c78b4de-exec-3'), ('54:40', 'task-simulation-54cee9940c78b4de-exec-4'), ('54:40', 'task-simulation-54cee9940c78b4de-exec-5'), ('54:40', 'task-simulation-54cee9940c78b4de-exec-6'), ('54:42', 'task-simulation-54cee9940c78b4de-exec-1'), ('54:42', 'task-simulation-54cee9940c78b4de-exec-2'), ('54:43', 'task-simulation-54cee9940c78b4de-exec-3'), ('54:43', 'task-simulation-54cee9940c78b4de-exec-4'), ('54:43', 'task-simulation-54cee9940c78b4de-exec-5'), ('54:43', 'task-simulation-54cee9940c78b4de-exec-6'), ('54:45', 'task-simulation-54cee9940c78b4de-exec-1'), ('54:45', 'task-simulation-54cee9940c78b4de-exec-2'), ('54:45', 'task-simulation-54cee9940c78b4de-exec-3'), ('54:45', 'task-simulation-54cee9940c78b4de-exec-4'), ('54:46', 'task-simulation-54cee9940c78b4de-exec-5'), ('54:46', 'task-simulation-54cee9940c78b4de-exec-6'), ('54:47', 'task-simulation-54cee9940c78b4de-exec-1'), ('54:47', 'task-simulation-54cee9940c78b4de-exec-2'), ('54:48', 'task-simulation-54cee9940c78b4de-exec-3'), ('54:48', 'task-simulation-54cee9940c78b4de-exec-4'), ('54:48', 'task-simulation-54cee9940c78b4de-exec-5'), ('54:48', 'task-simulation-54cee9940c78b4de-exec-6'), ('54:50', 'task-simulation-54cee9940c78b4de-exec-1'), ('54:50', 'task-simulation-54cee9940c78b4de-exec-2'), ('54:50', 'task-simulation-54cee9940c78b4de-exec-3'), ('54:50', 'task-simulation-54cee9940c78b4de-exec-4'), ('54:51', 'task-simulation-54cee9940c78b4de-exec-5'), ('54:51', 'task-simulation-54cee9940c78b4de-exec-6'), ('54:53', 'task-simulation-54cee9940c78b4de-exec-1'), ('54:53', 'task-simulation-54cee9940c78b4de-exec-2'), ('54:53', 'task-simulation-54cee9940c78b4de-exec-3'), ('54:53', 'task-simulation-54cee9940c78b4de-exec-4'), ('54:53', 'task-simulation-54cee9940c78b4de-exec-5'), ('54:54', 'task-simulation-54cee9940c78b4de-exec-6'), ('54:55', 'task-simulation-54cee9940c78b4de-exec-1'), ('54:55', 'task-simulation-54cee9940c78b4de-exec-2'), ('54:55', 'task-simulation-54cee9940c78b4de-exec-3'), ('54:56', 'task-simulation-54cee9940c78b4de-exec-4'), ('54:56', 'task-simulation-54cee9940c78b4de-exec-5'), ('54:56', 'task-simulation-54cee9940c78b4de-exec-6'), ('54:58', 'task-simulation-54cee9940c78b4de-exec-1'), ('54:58', 'task-simulation-54cee9940c78b4de-exec-2'), ('54:58', 'task-simulation-54cee9940c78b4de-exec-3'), ('54:58', 'task-simulation-54cee9940c78b4de-exec-4'), ('54:59', 'task-simulation-54cee9940c78b4de-exec-5'), ('54:59', 'task-simulation-54cee9940c78b4de-exec-6'), ('55:01', 'task-simulation-54cee9940c78b4de-exec-1'), ('55:01', 'task-simulation-54cee9940c78b4de-exec-2'), ('55:01', 'task-simulation-54cee9940c78b4de-exec-3'), ('55:01', 'task-simulation-54cee9940c78b4de-exec-4'), ('55:02', 'task-simulation-54cee9940c78b4de-exec-5'), ('55:02', 'task-simulation-54cee9940c78b4de-exec-6'), ('55:03', 'task-simulation-54cee9940c78b4de-exec-1'), ('55:04', 'task-simulation-54cee9940c78b4de-exec-2'), ('55:04', 'task-simulation-54cee9940c78b4de-exec-3'), ('55:04', 'task-simulation-54cee9940c78b4de-exec-4'), ('55:04', 'task-simulation-54cee9940c78b4de-exec-5'), ('55:05', 'task-simulation-54cee9940c78b4de-exec-6'), ('55:06', 'task-simulation-54cee9940c78b4de-exec-1'), ('55:06', 'task-simulation-54cee9940c78b4de-exec-2'), ('55:06', 'task-simulation-54cee9940c78b4de-exec-3'), ('55:07', 'task-simulation-54cee9940c78b4de-exec-4'), ('55:07', 'task-simulation-54cee9940c78b4de-exec-5'), ('55:07', 'task-simulation-54cee9940c78b4de-exec-6'), ('55:09', 'task-simulation-54cee9940c78b4de-exec-1'), ('55:09', 'task-simulation-54cee9940c78b4de-exec-2'), ('55:09', 'task-simulation-54cee9940c78b4de-exec-3'), ('55:09', 'task-simulation-54cee9940c78b4de-exec-4'), ('55:09', 'task-simulation-54cee9940c78b4de-exec-5'), ('55:10', 'task-simulation-54cee9940c78b4de-exec-6'), ('55:11', 'task-simulation-54cee9940c78b4de-exec-1'), ('55:11', 'task-simulation-54cee9940c78b4de-exec-2'), ('55:11', 'task-simulation-54cee9940c78b4de-exec-3'), ('55:12', 'task-simulation-54cee9940c78b4de-exec-4'), ('55:12', 'task-simulation-54cee9940c78b4de-exec-5'), ('55:12', 'task-simulation-54cee9940c78b4de-exec-6'), ('55:13', 'task-simulation-54cee9940c78b4de-exec-1'), ('55:14', 'task-simulation-54cee9940c78b4de-exec-2'), ('55:14', 'task-simulation-54cee9940c78b4de-exec-3'), ('55:14', 'task-simulation-54cee9940c78b4de-exec-4'), ('55:14', 'task-simulation-54cee9940c78b4de-exec-5'), ('55:15', 'task-simulation-54cee9940c78b4de-exec-6')]"
20,2024-12-28 08:53:38.920541,2024-12-28 08:54:06.339850,24.264666666666667,"[('53:57', 'task-simulation-20c089940c78cd6a-exec-1'), ('54:01', 'task-simulation-20c089940c78cd6a-exec-1')]"
22,2024-12-28 08:54:31.059864,2024-12-28 08:55:00.667811,24.195999999999998,"[('54:50', 'task-simulation-151903940c799b53-exec-1'), ('54:52', 'task-simulation-151903940c799b53-exec-1')]"
23,2024-12-28 08:54:36.419684,2024-12-28 08:55:06.144950,12.097999999999999,"[('54:59', 'task-simulation-c95280940c79b524-exec-1')]"
24,2024-12-28 08:54:57.678632,2024-12-28 08:55:49.371552,786.3699999999994,"[('55:17', 'task-simulation-44639b940c7a021a-exec-1'), ('55:19', 'task-simulation-44639b940c7a021a-exec-1'), ('55:19', 'task-simulation-44639b940c7a021a-exec-2'), ('55:19', 'task-simulation-44639b940c7a021a-exec-3'), ('55:19', 'task-simulation-44639b940c7a021a-exec-5'), ('55:21', 'task-simulation-44639b940c7a021a-exec-1'), ('55:21', 'task-simulation-44639b940c7a021a-exec-2'), ('55:21', 'task-simulation-44639b940c7a021a-exec-3'), ('55:21', 'task-simulation-44639b940c7a021a-exec-4'), ('55:22', 'task-simulation-44639b940c7a021a-exec-5'), ('55:22', 'task-simulation-44639b940c7a021a-exec-6'), ('55:23', 'task-simulation-44639b940c7a021a-exec-1'), ('55:24', 'task-simulation-44639b940c7a021a-exec-2'), ('55:24', 'task-simulation-44639b940c7a021a-exec-3'), ('55:24', 'task-simulation-44639b940c7a021a-exec-4'), ('55:24', 'task-simulation-44639b940c7a021a-exec-5'), ('55:24', 'task-simulation-44639b940c7a021a-exec-6'), ('55:26', 'task-simulation-44639b940c7a021a-exec-1'), ('55:26', 'task-simulation-44639b940c7a021a-exec-2'), ('55:26', 'task-simulation-44639b940c7a021a-exec-3'), ('55:26', 'task-simulation-44639b940c7a021a-exec-4'), ('55:27', 'task-simulation-44639b940c7a021a-exec-5'), ('55:27', 'task-simulation-44639b940c7a021a-exec-6'), ('55:28', 'task-simulation-44639b940c7a021a-exec-1'), ('55:28', 'task-simulation-44639b940c7a021a-exec-2'), ('55:28', 'task-simulation-44639b940c7a021a-exec-3'), ('55:29', 'task-simulation-44639b940c7a021a-exec-4'), ('55:29', 'task-simulation-44639b940c7a021a-exec-5'), ('55:29', 'task-simulation-44639b940c7a021a-exec-6'), ('55:31', 'task-simulation-44639b940c7a021a-exec-1'), ('55:31', 'task-simulation-44639b940c7a021a-exec-2'), ('55:31', 'task-simulation-44639b940c7a021a-exec-3'), ('55:31', 'task-simulation-44639b940c7a021a-exec-4'), ('55:31', 'task-simulation-44639b940c7a021a-exec-5'), ('55:32', 'task-simulation-44639b940c7a021a-exec-6'), ('55:33', 'task-simulation-44639b940c7a021a-exec-1'), ('55:33', 'task-simulation-44639b940c7a021a-exec-2'), ('55:33', 'task-simulation-44639b940c7a021a-exec-3'), ('55:34', 'task-simulation-44639b940c7a021a-exec-4'), ('55:34', 'task-simulation-44639b940c7a021a-exec-5'), ('55:34', 'task-simulation-44639b940c7a021a-exec-6'), ('55:35', 'task-simulation-44639b940c7a021a-exec-1'), ('55:36', 'task-simulation-44639b940c7a021a-exec-2'), ('55:36', 'task-simulation-44639b940c7a021a-exec-3'), ('55:36', 'task-simulation-44639b940c7a021a-exec-4'), ('55:36', 'task-simulation-44639b940c7a021a-exec-5'), ('55:36', 'task-simulation-44639b940c7a021a-exec-6'), ('55:38', 'task-simulation-44639b940c7a021a-exec-1'), ('55:38', 'task-simulation-44639b940c7a021a-exec-2'), ('55:38', 'task-simulation-44639b940c7a021a-exec-3'), ('55:38', 'task-simulation-44639b940c7a021a-exec-4'), ('55:39', 'task-simulation-44639b940c7a021a-exec-5'), ('55:39', 'task-simulation-44639b940c7a021a-exec-6'), ('55:40', 'task-simulation-44639b940c7a021a-exec-1'), ('55:40', 'task-simulation-44639b940c7a021a-exec-2'), ('55:41', 'task-simulation-44639b940c7a021a-exec-3'), ('55:41', 'task-simulation-44639b940c7a021a-exec-4'), ('55:41', 'task-simulation-44639b940c7a021a-exec-5'), ('55:41', 'task-simulation-44639b940c7a021a-exec-6'), ('55:43', 'task-simulation-44639b940c7a021a-exec-1'), ('55:43', 'task-simulation-44639b940c7a021a-exec-2'), ('55:43', 'task-simulation-44639b940c7a021a-exec-3'), ('55:44', 'task-simulation-44639b940c7a021a-exec-4'), ('55:44', 'task-simulation-44639b940c7a021a-exec-5'), ('55:44', 'task-simulation-44639b940c7a021a-exec-6')]"
25,2024-12-28 08:55:40.268457,2024-12-28 08:56:15.455688,309.62533333333334,"[('56:00', 'task-simulation-676687940c7aa987-exec-1'), ('56:00', 'task-simulation-676687940c7aa987-exec-2'), ('56:01', 'task-simulation-676687940c7aa987-exec-1'), ('56:02', 'task-simulation-676687940c7aa987-exec-2'), ('56:02', 'task-simulation-676687940c7aa987-exec-3'), ('56:02', 'task-simulation-676687940c7aa987-exec-4'), ('56:03', 'task-simulation-676687940c7aa987-exec-5'), ('56:03', 'task-simulation-676687940c7aa987-exec-6'), ('56:04', 'task-simulation-676687940c7aa987-exec-1'), ('56:05', 'task-simulation-676687940c7aa987-exec-2'), ('56:05', 'task-simulation-676687940c7aa987-exec-3'), ('56:05', 'task-simulation-676687940c7aa987-exec-4'), ('56:05', 'task-simulation-676687940c7aa987-exec-5'), ('56:05', 'task-simulation-676687940c7aa987-exec-6'), ('56:07', 'task-simulation-676687940c7aa987-exec-1'), ('56:07', 'task-simulation-676687940c7aa987-exec-2'), ('56:08', 'task-simulation-676687940c7aa987-exec-3'), ('56:08', 'task-simulation-676687940c7aa987-exec-4'), ('56:08', 'task-simulation-676687940c7aa987-exec-5'), ('56:08', 'task-simulation-676687940c7aa987-exec-6'), ('56:10', 'task-simulation-676687940c7aa987-exec-1'), ('56:10', 'task-simulation-676687940c7aa987-exec-2'), ('56:10', 'task-simulation-676687940c7aa987-exec-3'), ('56:11', 'task-simulation-676687940c7aa987-exec-4'), ('56:11', 'task-simulation-676687940c7aa987-exec-5'), ('56:11', 'task-simulation-676687940c7aa987-exec-6')]"
26,2024-12-28 08:55:45.656340,2024-12-28 08:56:14.266341,23.817333333333334,"[('56:04', 'task-simulation-05d99d940c7abd2d-exec-1'), ('56:07', 'task-simulation-05d99d940c7abd2d-exec-1')]"
27,2024-12-28 08:56:06.972573,2024-12-28 08:56:44.462085,202.44733333333338,"[('56:26', 'task-simulation-090e92940c7b12d5-exec-1'), ('56:27', 'task-simulation-090e92940c7b12d5-exec-1'), ('56:28', 'task-simulation-090e92940c7b12d5-exec-2'), ('56:29', 'task-simulation-090e92940c7b12d5-exec-1'), ('56:29', 'task-simulation-090e92940c7b12d5-exec-2'), ('56:30', 'task-simulation-090e92940c7b12d5-exec-1'), ('56:31', 'task-simulation-090e92940c7b12d5-exec-2'), ('56:32', 'task-simulation-090e92940c7b12d5-exec-1'), ('56:32', 'task-simulation-090e92940c7b12d5-exec-2'), ('56:34', 'task-simulation-090e92940c7b12d5-exec-1'), ('56:34', 'task-simulation-090e92940c7b12d5-exec-2'), ('56:35', 'task-simulation-090e92940c7b12d5-exec-1'), ('56:36', 'task-simulation-090e92940c7b12d5-exec-2'), ('56:37', 'task-simulation-090e92940c7b12d5-exec-1'), ('56:37', 'task-simulation-090e92940c7b12d5-exec-2'), ('56:39', 'task-simulation-090e92940c7b12d5-exec-1'), ('56:39', 'task-simulation-090e92940c7b12d5-exec-2')]"
28,2024-12-28 08:56:21.206904,2024-12-28 08:56:49.104199,23.817333333333334,"[('56:40', 'task-simulation-a05677940c7b47b0-exec-1'), ('56:42', 'task-simulation-a05677940c7b47b0-exec-1')]"
30,2024-12-28 08:56:57.335883,2024-12-28 08:57:24.233024,34.641000000000005,"[('57:15', 'task-simulation-cc99c6940c7bd22d-exec-1'), ('57:17', 'task-simulation-cc99c6940c7bd22d-exec-1'), ('57:18', 'task-simulation-cc99c6940c7bd22d-exec-1')]"
31,2024-12-28 08:57:00.843893,2024-12-28 08:57:29.345427,46.188,"[('57:20', 'task-simulation-d76be1940c7be2c9-exec-1'), ('57:21', 'task-simulation-d76be1940c7be2c9-exec-1'), ('57:23', 'task-simulation-d76be1940c7be2c9-exec-1'), ('57:24', 'task-simulation-d76be1940c7be2c9-exec-1')]"
32,2024-12-28 08:57:16.465599,2024-12-28 08:57:44.641787,46.188,"[('57:35', 'task-simulation-98ddd3940c7c216e-exec-1'), ('57:36', 'task-simulation-98ddd3940c7c216e-exec-1'), ('57:38', 'task-simulation-98ddd3940c7c216e-exec-1'), ('57:40', 'task-simulation-98ddd3940c7c216e-exec-1')]"
33,2024-12-28 08:57:33.988881,2024-12-28 08:58:21.924823,656.5503333333337,"[('57:54', 'task-simulation-67a837940c7c64db-exec-1'), ('57:55', 'task-simulation-67a837940c7c64db-exec-1'), ('57:55', 'task-simulation-67a837940c7c64db-exec-2'), ('57:56', 'task-simulation-67a837940c7c64db-exec-3'), ('57:56', 'task-simulation-67a837940c7c64db-exec-5'), ('57:56', 'task-simulation-67a837940c7c64db-exec-6'), ('57:58', 'task-simulation-67a837940c7c64db-exec-1'), ('57:58', 'task-simulation-67a837940c7c64db-exec-2'), ('57:58', 'task-simulation-67a837940c7c64db-exec-3'), ('57:58', 'task-simulation-67a837940c7c64db-exec-4'), ('57:58', 'task-simulation-67a837940c7c64db-exec-5'), ('57:59', 'task-simulation-67a837940c7c64db-exec-6'), ('58:00', 'task-simulation-67a837940c7c64db-exec-1'), ('58:00', 'task-simulation-67a837940c7c64db-exec-2'), ('58:01', 'task-simulation-67a837940c7c64db-exec-3'), ('58:01', 'task-simulation-67a837940c7c64db-exec-4'), ('58:01', 'task-simulation-67a837940c7c64db-exec-5'), ('58:01', 'task-simulation-67a837940c7c64db-exec-6'), ('58:03', 'task-simulation-67a837940c7c64db-exec-1'), ('58:03', 'task-simulation-67a837940c7c64db-exec-2'), ('58:03', 'task-simulation-67a837940c7c64db-exec-3'), ('58:04', 'task-simulation-67a837940c7c64db-exec-4'), ('58:04', 'task-simulation-67a837940c7c64db-exec-5'), ('58:04', 'task-simulation-67a837940c7c64db-exec-6'), ('58:06', 'task-simulation-67a837940c7c64db-exec-1'), ('58:06', 'task-simulation-67a837940c7c64db-exec-2'), ('58:06', 'task-simulation-67a837940c7c64db-exec-3'), ('58:06', 'task-simulation-67a837940c7c64db-exec-4'), ('58:06', 'task-simulation-67a837940c7c64db-exec-5'), ('58:07', 'task-simulation-67a837940c7c64db-exec-6'), ('58:08', 'task-simulation-67a837940c7c64db-exec-1'), ('58:08', 'task-simulation-67a837940c7c64db-exec-2'), ('58:08', 'task-simulation-67a837940c7c64db-exec-3'), ('58:09', 'task-simulation-67a837940c7c64db-exec-4'), ('58:09', 'task-simulation-67a837940c7c64db-exec-5'), ('58:09', 'task-simulation-67a837940c7c64db-exec-6'), ('58:10', 'task-simulation-67a837940c7c64db-exec-1'), ('58:11', 'task-simulation-67a837940c7c64db-exec-2'), ('58:11', 'task-simulation-67a837940c7c64db-exec-3'), ('58:11', 'task-simulation-67a837940c7c64db-exec-4'), ('58:11', 'task-simulation-67a837940c7c64db-exec-5'), ('58:12', 'task-simulation-67a837940c7c64db-exec-6'), ('58:13', 'task-simulation-67a837940c7c64db-exec-1'), ('58:13', 'task-simulation-67a837940c7c64db-exec-2'), ('58:13', 'task-simulation-67a837940c7c64db-exec-3'), ('58:14', 'task-simulation-67a837940c7c64db-exec-4'), ('58:14', 'task-simulation-67a837940c7c64db-exec-5'), ('58:14', 'task-simulation-67a837940c7c64db-exec-6'), ('58:16', 'task-simulation-67a837940c7c64db-exec-1'), ('58:16', 'task-simulation-67a837940c7c64db-exec-2'), ('58:16', 'task-simulation-67a837940c7c64db-exec-3'), ('58:16', 'task-simulation-67a837940c7c64db-exec-4'), ('58:16', 'task-simulation-67a837940c7c64db-exec-5'), ('58:17', 'task-simulation-67a837940c7c64db-exec-6'), ('58:18', 'task-simulation-67a837940c7c64db-exec-1'), ('58:18', 'task-simulation-67a837940c7c64db-exec-2'), ('58:19', 'task-simulation-67a837940c7c64db-exec-3'), ('58:19', 'task-simulation-67a837940c7c64db-exec-4')]"
34,2024-12-28 08:57:37.984418,2024-12-28 08:58:05.673743,22.639666666666667,"[('57:59', 'task-simulation-dced97940c7c766a-exec-1'), ('58:02', 'task-simulation-dced97940c7c766a-exec-1')]"
35,2024-12-28 08:58:20.612860,2024-12-28 08:59:00.610980,315.7846666666667,"[('58:40', 'task-simulation-f09256940c7d19ee-exec-1'), ('58:41', 'task-simulation-f09256940c7d19ee-exec-1'), ('58:42', 'task-simulation-f09256940c7d19ee-exec-2'), ('58:42', 'task-simulation-f09256940c7d19ee-exec-3'), ('58:43', 'task-simulation-f09256940c7d19ee-exec-1'), ('58:44', 'task-simulation-f09256940c7d19ee-exec-2'), ('58:44', 'task-simulation-f09256940c7d19ee-exec-3'), ('58:44', 'task-simulation-f09256940c7d19ee-exec-4'), ('58:46', 'task-simulation-f09256940c7d19ee-exec-1'), ('58:46', 'task-simulation-f09256940c7d19ee-exec-2'), ('58:46', 'task-simulation-f09256940c7d19ee-exec-3'), ('58:47', 'task-simulation-f09256940c7d19ee-exec-4'), ('58:48', 'task-simulation-f09256940c7d19ee-exec-1'), ('58:48', 'task-simulation-f09256940c7d19ee-exec-2'), ('58:49', 'task-simulation-f09256940c7d19ee-exec-3'), ('58:49', 'task-simulation-f09256940c7d19ee-exec-4'), ('58:50', 'task-simulation-f09256940c7d19ee-exec-1'), ('58:51', 'task-simulation-f09256940c7d19ee-exec-2'), ('58:51', 'task-simulation-f09256940c7d19ee-exec-3'), ('58:51', 'task-simulation-f09256940c7d19ee-exec-4'), ('58:52', 'task-simulation-f09256940c7d19ee-exec-1'), ('58:53', 'task-simulation-f09256940c7d19ee-exec-2'), ('58:53', 'task-simulation-f09256940c7d19ee-exec-3'), ('58:53', 'task-simulation-f09256940c7d19ee-exec-4'), ('58:54', 'task-simulation-f09256940c7d19ee-exec-1'), ('58:55', 'task-simulation-f09256940c7d19ee-exec-2'), ('58:55', 'task-simulation-f09256940c7d19ee-exec-3'), ('58:55', 'task-simulation-f09256940c7d19ee-exec-4')]"
36,2024-12-28 08:58:37.242074,2024-12-28 08:59:07.613004,33.739999999999995,"[('58:58', 'task-simulation-5e7d21940c7d5e99-exec-1'), ('58:59', 'task-simulation-5e7d21940c7d5e99-exec-1'), ('59:01', 'task-simulation-5e7d21940c7d5e99-exec-1')]"
37,2024-12-28 08:58:39.661772,2024-12-28 08:59:18.717793,359.8933333333334,"[('59:01', 'task-simulation-846ccd940c7d6822-exec-1'), ('59:01', 'task-simulation-846ccd940c7d6822-exec-3'), ('59:02', 'task-simulation-846ccd940c7d6822-exec-1'), ('59:03', 'task-simulation-846ccd940c7d6822-exec-2'), ('59:03', 'task-simulation-846ccd940c7d6822-exec-3'), ('59:03', 'task-simulation-846ccd940c7d6822-exec-4'), ('59:03', 'task-simulation-846ccd940c7d6822-exec-5'), ('59:04', 'task-simulation-846ccd940c7d6822-exec-6'), ('59:05', 'task-simulation-846ccd940c7d6822-exec-1'), ('59:05', 'task-simulation-846ccd940c7d6822-exec-2'), ('59:05', 'task-simulation-846ccd940c7d6822-exec-3'), ('59:06', 'task-simulation-846ccd940c7d6822-exec-4'), ('59:06', 'task-simulation-846ccd940c7d6822-exec-5'), ('59:06', 'task-simulation-846ccd940c7d6822-exec-6'), ('59:08', 'task-simulation-846ccd940c7d6822-exec-1'), ('59:08', 'task-simulation-846ccd940c7d6822-exec-2'), ('59:08', 'task-simulation-846ccd940c7d6822-exec-3'), ('59:08', 'task-simulation-846ccd940c7d6822-exec-4'), ('59:08', 'task-simulation-846ccd940c7d6822-exec-5'), ('59:09', 'task-simulation-846ccd940c7d6822-exec-6'), ('59:10', 'task-simulation-846ccd940c7d6822-exec-1'), ('59:10', 'task-simulation-846ccd940c7d6822-exec-2'), ('59:10', 'task-simulation-846ccd940c7d6822-exec-3'), ('59:11', 'task-simulation-846ccd940c7d6822-exec-4'), ('59:11', 'task-simulation-846ccd940c7d6822-exec-5'), ('59:11', 'task-simulation-846ccd940c7d6822-exec-6'), ('59:13', 'task-simulation-846ccd940c7d6822-exec-1'), ('59:13', 'task-simulation-846ccd940c7d6822-exec-2'), ('59:13', 'task-simulation-846ccd940c7d6822-exec-3'), ('59:13', 'task-simulation-846ccd940c7d6822-exec-4'), ('59:13', 'task-simulation-846ccd940c7d6822-exec-5'), ('59:14', 'task-simulation-846ccd940c7d6822-exec-6')]"
38,2024-12-28 08:59:22.170868,2024-12-28 08:59:50.186518,33.739999999999995,"[('59:41', 'task-simulation-c7ff5f940c7e0c63-exec-1'), ('59:42', 'task-simulation-c7ff5f940c7e0c63-exec-1'), ('59:44', 'task-simulation-c7ff5f940c7e0c63-exec-1')]"
39,2024-12-28 08:59:42.354691,2024-12-28 09:00:11.744548,123.24766666666669,"[('00:02', 'task-simulation-398ec5940c7e5a27-exec-1'), ('00:03', 'task-simulation-398ec5940c7e5a27-exec-1'), ('00:03', 'task-simulation-398ec5940c7e5a27-exec-2'), ('00:04', 'task-simulation-398ec5940c7e5a27-exec-3'), ('00:04', 'task-simulation-398ec5940c7e5a27-exec-5'), ('00:05', 'task-simulation-398ec5940c7e5a27-exec-1'), ('00:06', 'task-simulation-398ec5940c7e5a27-exec-2'), ('00:06', 'task-simulation-398ec5940c7e5a27-exec-3'), ('00:06', 'task-simulation-398ec5940c7e5a27-exec-4'), ('00:06', 'task-simulation-398ec5940c7e5a27-exec-5'), ('00:07', 'task-simulation-398ec5940c7e5a27-exec-6')]"
40,2024-12-28 09:00:22.301119,2024-12-28 09:00:49.504570,33.613,"[('00:42', 'task-simulation-db9737940c7ef695-exec-1'), ('00:43', 'task-simulation-db9737940c7ef695-exec-1'), ('00:45', 'task-simulation-db9737940c7ef695-exec-1')]"
43,2024-12-28 09:01:04.655780,2024-12-28 09:02:11.233956,815.4546666666661,"[('01:22', 'task-simulation-5c3ba6940c7f9785-exec-1'), ('01:23', 'task-simulation-5c3ba6940c7f9785-exec-1'), ('01:25', 'task-simulation-5c3ba6940c7f9785-exec-1'), ('01:25', 'task-simulation-5c3ba6940c7f9785-exec-2'), ('01:25', 'task-simulation-5c3ba6940c7f9785-exec-3'), ('01:26', 'task-simulation-5c3ba6940c7f9785-exec-4'), ('01:26', 'task-simulation-5c3ba6940c7f9785-exec-5'), ('01:27', 'task-simulation-5c3ba6940c7f9785-exec-1'), ('01:28', 'task-simulation-5c3ba6940c7f9785-exec-2'), ('01:28', 'task-simulation-5c3ba6940c7f9785-exec-3'), ('01:28', 'task-simulation-5c3ba6940c7f9785-exec-4'), ('01:28', 'task-simulation-5c3ba6940c7f9785-exec-5'), ('01:28', 'task-simulation-5c3ba6940c7f9785-exec-6'), ('01:30', 'task-simulation-5c3ba6940c7f9785-exec-1'), ('01:30', 'task-simulation-5c3ba6940c7f9785-exec-2'), ('01:30', 'task-simulation-5c3ba6940c7f9785-exec-3'), ('01:31', 'task-simulation-5c3ba6940c7f9785-exec-4'), ('01:31', 'task-simulation-5c3ba6940c7f9785-exec-5'), ('01:31', 'task-simulation-5c3ba6940c7f9785-exec-6'), ('01:32', 'task-simulation-5c3ba6940c7f9785-exec-1'), ('01:33', 'task-simulation-5c3ba6940c7f9785-exec-2'), ('01:33', 'task-simulation-5c3ba6940c7f9785-exec-3'), ('01:33', 'task-simulation-5c3ba6940c7f9785-exec-4'), ('01:33', 'task-simulation-5c3ba6940c7f9785-exec-5'), ('01:34', 'task-simulation-5c3ba6940c7f9785-exec-6'), ('01:35', 'task-simulation-5c3ba6940c7f9785-exec-1'), ('01:35', 'task-simulation-5c3ba6940c7f9785-exec-2'), ('01:35', 'task-simulation-5c3ba6940c7f9785-exec-3'), ('01:36', 'task-simulation-5c3ba6940c7f9785-exec-4'), ('01:36', 'task-simulation-5c3ba6940c7f9785-exec-5'), ('01:36', 'task-simulation-5c3ba6940c7f9785-exec-6'), ('01:38', 'task-simulation-5c3ba6940c7f9785-exec-1'), ('01:38', 'task-simulation-5c3ba6940c7f9785-exec-2'), ('01:38', 'task-simulation-5c3ba6940c7f9785-exec-3'), ('01:39', 'task-simulation-5c3ba6940c7f9785-exec-4'), ('01:39', 'task-simulation-5c3ba6940c7f9785-exec-5'), ('01:39', 'task-simulation-5c3ba6940c7f9785-exec-6'), ('01:42', 'task-simulation-5c3ba6940c7f9785-exec-1'), ('01:42', 'task-simulation-5c3ba6940c7f9785-exec-2'), ('01:43', 'task-simulation-5c3ba6940c7f9785-exec-3'), ('01:43', 'task-simulation-5c3ba6940c7f9785-exec-4'), ('01:43', 'task-simulation-5c3ba6940c7f9785-exec-5'), ('01:43', 'task-simulation-5c3ba6940c7f9785-exec-6'), ('01:46', 'task-simulation-5c3ba6940c7f9785-exec-1'), ('01:46', 'task-simulation-5c3ba6940c7f9785-exec-2'), ('01:47', 'task-simulation-5c3ba6940c7f9785-exec-3'), ('01:47', 'task-simulation-5c3ba6940c7f9785-exec-4'), ('01:47', 'task-simulation-5c3ba6940c7f9785-exec-5'), ('01:47', 'task-simulation-5c3ba6940c7f9785-exec-6'), ('01:50', 'task-simulation-5c3ba6940c7f9785-exec-1'), ('01:50', 'task-simulation-5c3ba6940c7f9785-exec-2'), ('01:50', 'task-simulation-5c3ba6940c7f9785-exec-3'), ('01:51', 'task-simulation-5c3ba6940c7f9785-exec-4'), ('01:51', 'task-simulation-5c3ba6940c7f9785-exec-5'), ('01:51', 'task-simulation-5c3ba6940c7f9785-exec-6'), ('01:54', 'task-simulation-5c3ba6940c7f9785-exec-1'), ('01:54', 'task-simulation-5c3ba6940c7f9785-exec-2'), ('01:54', 'task-simulation-5c3ba6940c7f9785-exec-3'), ('01:55', 'task-simulation-5c3ba6940c7f9785-exec-4'), ('01:55', 'task-simulation-5c3ba6940c7f9785-exec-5'), ('01:55', 'task-simulation-5c3ba6940c7f9785-exec-6'), ('01:58', 'task-simulation-5c3ba6940c7f9785-exec-1'), ('01:58', 'task-simulation-5c3ba6940c7f9785-exec-2'), ('01:58', 'task-simulation-5c3ba6940c7f9785-exec-3'), ('01:58', 'task-simulation-5c3ba6940c7f9785-exec-4'), ('01:59', 'task-simulation-5c3ba6940c7f9785-exec-5'), ('01:59', 'task-simulation-5c3ba6940c7f9785-exec-6'), ('02:03', 'task-simulation-5c3ba6940c7f9785-exec-1'), ('02:03', 'task-simulation-5c3ba6940c7f9785-exec-2'), ('02:03', 'task-simulation-5c3ba6940c7f9785-exec-3'), ('02:04', 'task-simulation-5c3ba6940c7f9785-exec-4'), ('02:04', 'task-simulation-5c3ba6940c7f9785-exec-5'), ('02:04', 'task-simulation-5c3ba6940c7f9785-exec-6')]"
44,2024-12-28 09:01:15.417626,2024-12-28 09:01:44.730925,22.325333333333333,"[('01:36', 'task-simulation-9ad9bb940c7fc861-exec-1'), ('01:40', 'task-simulation-9ad9bb940c7fc861-exec-1')]"
45,2024-12-28 09:01:18.995144,2024-12-28 09:02:17.361189,503.1899999999996,"[('01:41', 'task-simulation-23b31a940c7fda90-exec-1'), ('01:41', 'task-simulation-23b31a940c7fda90-exec-2'), ('01:42', 'task-simulation-23b31a940c7fda90-exec-3'), ('01:45', 'task-simulation-23b31a940c7fda90-exec-1'), ('01:45', 'task-simulation-23b31a940c7fda90-exec-2'), ('01:45', 'task-simulation-23b31a940c7fda90-exec-3'), ('01:45', 'task-simulation-23b31a940c7fda90-exec-4'), ('01:46', 'task-simulation-23b31a940c7fda90-exec-5'), ('01:46', 'task-simulation-23b31a940c7fda90-exec-6'), ('01:49', 'task-simulation-23b31a940c7fda90-exec-1'), ('01:49', 'task-simulation-23b31a940c7fda90-exec-2'), ('01:49', 'task-simulation-23b31a940c7fda90-exec-3'), ('01:49', 'task-simulation-23b31a940c7fda90-exec-4'), ('01:50', 'task-simulation-23b31a940c7fda90-exec-5'), ('01:50', 'task-simulation-23b31a940c7fda90-exec-6'), ('01:53', 'task-simulation-23b31a940c7fda90-exec-1'), ('01:53', 'task-simulation-23b31a940c7fda90-exec-2'), ('01:53', 'task-simulation-23b31a940c7fda90-exec-3'), ('01:53', 'task-simulation-23b31a940c7fda90-exec-4'), ('01:54', 'task-simulation-23b31a940c7fda90-exec-5'), ('01:54', 'task-simulation-23b31a940c7fda90-exec-6'), ('01:56', 'task-simulation-23b31a940c7fda90-exec-1'), ('01:57', 'task-simulation-23b31a940c7fda90-exec-2'), ('01:57', 'task-simulation-23b31a940c7fda90-exec-3'), ('01:57', 'task-simulation-23b31a940c7fda90-exec-4'), ('01:57', 'task-simulation-23b31a940c7fda90-exec-5'), ('01:58', 'task-simulation-23b31a940c7fda90-exec-6'), ('02:02', 'task-simulation-23b31a940c7fda90-exec-1'), ('02:02', 'task-simulation-23b31a940c7fda90-exec-2'), ('02:02', 'task-simulation-23b31a940c7fda90-exec-3'), ('02:02', 'task-simulation-23b31a940c7fda90-exec-4'), ('02:03', 'task-simulation-23b31a940c7fda90-exec-5'), ('02:03', 'task-simulation-23b31a940c7fda90-exec-6'), ('02:07', 'task-simulation-23b31a940c7fda90-exec-1'), ('02:07', 'task-simulation-23b31a940c7fda90-exec-2'), ('02:07', 'task-simulation-23b31a940c7fda90-exec-3'), ('02:08', 'task-simulation-23b31a940c7fda90-exec-4'), ('02:08', 'task-simulation-23b31a940c7fda90-exec-5'), ('02:08', 'task-simulation-23b31a940c7fda90-exec-6'), ('02:11', 'task-simulation-23b31a940c7fda90-exec-1'), ('02:11', 'task-simulation-23b31a940c7fda90-exec-2'), ('02:12', 'task-simulation-23b31a940c7fda90-exec-3'), ('02:12', 'task-simulation-23b31a940c7fda90-exec-4'), ('02:12', 'task-simulation-23b31a940c7fda90-exec-5'), ('02:12', 'task-simulation-23b31a940c7fda90-exec-6')]"
46,2024-12-28 09:01:35.053655,2024-12-28 09:02:13.806564,190.17616666666675,"[('01:59', 'task-simulation-83669d940c80124c-exec-1'), ('01:59', 'task-simulation-83669d940c80124c-exec-2'), ('02:00', 'task-simulation-83669d940c80124c-exec-3'), ('02:00', 'task-simulation-83669d940c80124c-exec-4'), ('02:00', 'task-simulation-83669d940c80124c-exec-5'), ('02:00', 'task-simulation-83669d940c80124c-exec-6'), ('02:04', 'task-simulation-83669d940c80124c-exec-1'), ('02:05', 'task-simulation-83669d940c80124c-exec-2'), ('02:05', 'task-simulation-83669d940c80124c-exec-3'), ('02:05', 'task-simulation-83669d940c80124c-exec-4'), ('02:05', 'task-simulation-83669d940c80124c-exec-5'), ('02:06', 'task-simulation-83669d940c80124c-exec-6'), ('02:08', 'task-simulation-83669d940c80124c-exec-1'), ('02:09', 'task-simulation-83669d940c80124c-exec-2'), ('02:09', 'task-simulation-83669d940c80124c-exec-3'), ('02:09', 'task-simulation-83669d940c80124c-exec-4'), ('02:10', 'task-simulation-83669d940c80124c-exec-5')]"
47,2024-12-28 09:02:24.286748,2024-12-28 09:02:50.935611,33.560500000000005,"[('02:42', 'task-simulation-255e7e940c80ce01-exec-1'), ('02:43', 'task-simulation-255e7e940c80ce01-exec-1'), ('02:45', 'task-simulation-255e7e940c80ce01-exec-1')]"
48,2024-12-28 09:02:52.090781,2024-12-28 09:03:48.572781,620.9133333333339,"[('03:11', 'task-simulation-19cab1940c813c89-exec-1'), ('03:11', 'task-simulation-19cab1940c813c89-exec-3'), ('03:13', 'task-simulation-19cab1940c813c89-exec-1'), ('03:13', 'task-simulation-19cab1940c813c89-exec-2'), ('03:13', 'task-simulation-19cab1940c813c89-exec-3'), ('03:14', 'task-simulation-19cab1940c813c89-exec-5'), ('03:14', 'task-simulation-19cab1940c813c89-exec-6'), ('03:15', 'task-simulation-19cab1940c813c89-exec-1'), ('03:15', 'task-simulation-19cab1940c813c89-exec-2'), ('03:16', 'task-simulation-19cab1940c813c89-exec-3'), ('03:16', 'task-simulation-19cab1940c813c89-exec-4'), ('03:16', 'task-simulation-19cab1940c813c89-exec-5'), ('03:16', 'task-simulation-19cab1940c813c89-exec-6'), ('03:18', 'task-simulation-19cab1940c813c89-exec-1'), ('03:18', 'task-simulation-19cab1940c813c89-exec-2'), ('03:18', 'task-simulation-19cab1940c813c89-exec-3'), ('03:18', 'task-simulation-19cab1940c813c89-exec-4'), ('03:19', 'task-simulation-19cab1940c813c89-exec-5'), ('03:19', 'task-simulation-19cab1940c813c89-exec-6'), ('03:20', 'task-simulation-19cab1940c813c89-exec-1'), ('03:21', 'task-simulation-19cab1940c813c89-exec-2'), ('03:21', 'task-simulation-19cab1940c813c89-exec-3'), ('03:21', 'task-simulation-19cab1940c813c89-exec-4'), ('03:21', 'task-simulation-19cab1940c813c89-exec-5'), ('03:21', 'task-simulation-19cab1940c813c89-exec-6'), ('03:23', 'task-simulation-19cab1940c813c89-exec-1'), ('03:23', 'task-simulation-19cab1940c813c89-exec-2'), ('03:24', 'task-simulation-19cab1940c813c89-exec-3'), ('03:24', 'task-simulation-19cab1940c813c89-exec-4'), ('03:24', 'task-simulation-19cab1940c813c89-exec-5'), ('03:24', 'task-simulation-19cab1940c813c89-exec-6'), ('03:27', 'task-simulation-19cab1940c813c89-exec-1'), ('03:27', 'task-simulation-19cab1940c813c89-exec-2'), ('03:27', 'task-simulation-19cab1940c813c89-exec-3'), ('03:28', 'task-simulation-19cab1940c813c89-exec-4'), ('03:28', 'task-simulation-19cab1940c813c89-exec-5'), ('03:28', 'task-simulation-19cab1940c813c89-exec-6'), ('03:31', 'task-simulation-19cab1940c813c89-exec-1'), ('03:31', 'task-simulation-19cab1940c813c89-exec-2'), ('03:32', 'task-simulation-19cab1940c813c89-exec-3'), ('03:32', 'task-simulation-19cab1940c813c89-exec-4'), ('03:32', 'task-simulation-19cab1940c813c89-exec-5'), ('03:33', 'task-simulation-19cab1940c813c89-exec-6'), ('03:36', 'task-simulation-19cab1940c813c89-exec-1'), ('03:36', 'task-simulation-19cab1940c813c89-exec-2'), ('03:36', 'task-simulation-19cab1940c813c89-exec-3'), ('03:36', 'task-simulation-19cab1940c813c89-exec-4'), ('03:37', 'task-simulation-19cab1940c813c89-exec-5'), ('03:37', 'task-simulation-19cab1940c813c89-exec-6'), ('03:40', 'task-simulation-19cab1940c813c89-exec-1'), ('03:40', 'task-simulation-19cab1940c813c89-exec-2'), ('03:40', 'task-simulation-19cab1940c813c89-exec-3'), ('03:41', 'task-simulation-19cab1940c813c89-exec-4'), ('03:41', 'task-simulation-19cab1940c813c89-exec-5'), ('03:41', 'task-simulation-19cab1940c813c89-exec-6')]"
49,2024-12-28 09:03:00.425189,2024-12-28 09:03:57.983356,451.8573333333333,"[('03:22', 'task-simulation-ef5ab3940c815e90-exec-1'), ('03:22', 'task-simulation-ef5ab3940c815e90-exec-2'), ('03:24', 'task-simulation-ef5ab3940c815e90-exec-1'), ('03:25', 'task-simulation-ef5ab3940c815e90-exec-2'), ('03:25', 'task-simulation-ef5ab3940c815e90-exec-3'), ('03:25', 'task-simulation-ef5ab3940c815e90-exec-4'), ('03:25', 'task-simulation-ef5ab3940c815e90-exec-5'), ('03:26', 'task-simulation-ef5ab3940c815e90-exec-6'), ('03:28', 'task-simulation-ef5ab3940c815e90-exec-1'), ('03:29', 'task-simulation-ef5ab3940c815e90-exec-2'), ('03:29', 'task-simulation-ef5ab3940c815e90-exec-3'), ('03:29', 'task-simulation-ef5ab3940c815e90-exec-4'), ('03:29', 'task-simulation-ef5ab3940c815e90-exec-5'), ('03:30', 'task-simulation-ef5ab3940c815e90-exec-6'), ('03:33', 'task-simulation-ef5ab3940c815e90-exec-1'), ('03:33', 'task-simulation-ef5ab3940c815e90-exec-2'), ('03:34', 'task-simulation-ef5ab3940c815e90-exec-3'), ('03:34', 'task-simulation-ef5ab3940c815e90-exec-4'), ('03:34', 'task-simulation-ef5ab3940c815e90-exec-5'), ('03:34', 'task-simulation-ef5ab3940c815e90-exec-6'), ('03:37', 'task-simulation-ef5ab3940c815e90-exec-1'), ('03:38', 'task-simulation-ef5ab3940c815e90-exec-2'), ('03:38', 'task-simulation-ef5ab3940c815e90-exec-3'), ('03:38', 'task-simulation-ef5ab3940c815e90-exec-4'), ('03:38', 'task-simulation-ef5ab3940c815e90-exec-5'), ('03:38', 'task-simulation-ef5ab3940c815e90-exec-6'), ('03:42', 'task-simulation-ef5ab3940c815e90-exec-1'), ('03:42', 'task-simulation-ef5ab3940c815e90-exec-2'), ('03:43', 'task-simulation-ef5ab3940c815e90-exec-3'), ('03:43', 'task-simulation-ef5ab3940c815e90-exec-4'), ('03:43', 'task-simulation-ef5ab3940c815e90-exec-5'), ('03:44', 'task-simulation-ef5ab3940c815e90-exec-6'), ('03:45', 'task-simulation-ef5ab3940c815e90-exec-1'), ('03:46', 'task-simulation-ef5ab3940c815e90-exec-2'), ('03:46', 'task-simulation-ef5ab3940c815e90-exec-3'), ('03:46', 'task-simulation-ef5ab3940c815e90-exec-4'), ('03:47', 'task-simulation-ef5ab3940c815e90-exec-5'), ('03:47', 'task-simulation-ef5ab3940c815e90-exec-6'), ('03:51', 'task-simulation-ef5ab3940c815e90-exec-1'), ('03:52', 'task-simulation-ef5ab3940c815e90-exec-4')]"
50,2024-12-28 09:03:27.125978,2024-12-28 09:04:25.556238,491.40533333333315,"[('03:45', 'task-simulation-0f6c3b940c81c5fb-exec-1'), ('03:49', 'task-simulation-0f6c3b940c81c5fb-exec-1'), ('03:49', 'task-simulation-0f6c3b940c81c5fb-exec-2'), ('03:50', 'task-simulation-0f6c3b940c81c5fb-exec-3'), ('03:50', 'task-simulation-0f6c3b940c81c5fb-exec-4'), ('03:50', 'task-simulation-0f6c3b940c81c5fb-exec-5'), ('03:51', 'task-simulation-0f6c3b940c81c5fb-exec-6'), ('03:55', 'task-simulation-0f6c3b940c81c5fb-exec-1'), ('03:55', 'task-simulation-0f6c3b940c81c5fb-exec-2'), ('03:56', 'task-simulation-0f6c3b940c81c5fb-exec-3'), ('03:56', 'task-simulation-0f6c3b940c81c5fb-exec-4'), ('03:56', 'task-simulation-0f6c3b940c81c5fb-exec-5'), ('03:56', 'task-simulation-0f6c3b940c81c5fb-exec-6'), ('03:58', 'task-simulation-0f6c3b940c81c5fb-exec-1'), ('03:58', 'task-simulation-0f6c3b940c81c5fb-exec-2'), ('03:58', 'task-simulation-0f6c3b940c81c5fb-exec-3'), ('03:59', 'task-simulation-0f6c3b940c81c5fb-exec-4'), ('03:59', 'task-simulation-0f6c3b940c81c5fb-exec-5'), ('03:59', 'task-simulation-0f6c3b940c81c5fb-exec-6'), ('04:01', 'task-simulation-0f6c3b940c81c5fb-exec-1'), ('04:02', 'task-simulation-0f6c3b940c81c5fb-exec-2'), ('04:02', 'task-simulation-0f6c3b940c81c5fb-exec-3'), ('04:02', 'task-simulation-0f6c3b940c81c5fb-exec-4'), ('04:02', 'task-simulation-0f6c3b940c81c5fb-exec-5'), ('04:03', 'task-simulation-0f6c3b940c81c5fb-exec-6'), ('04:06', 'task-simulation-0f6c3b940c81c5fb-exec-1'), ('04:06', 'task-simulation-0f6c3b940c81c5fb-exec-2'), ('04:06', 'task-simulation-0f6c3b940c81c5fb-exec-3'), ('04:06', 'task-simulation-0f6c3b940c81c5fb-exec-4'), ('04:07', 'task-simulation-0f6c3b940c81c5fb-exec-5'), ('04:07', 'task-simulation-0f6c3b940c81c5fb-exec-6'), ('04:10', 'task-simulation-0f6c3b940c81c5fb-exec-1'), ('04:10', 'task-simulation-0f6c3b940c81c5fb-exec-2'), ('04:10', 'task-simulation-0f6c3b940c81c5fb-exec-3'), ('04:10', 'task-simulation-0f6c3b940c81c5fb-exec-4'), ('04:11', 'task-simulation-0f6c3b940c81c5fb-exec-5'), ('04:11', 'task-simulation-0f6c3b940c81c5fb-exec-6'), ('04:15', 'task-simulation-0f6c3b940c81c5fb-exec-1'), ('04:15', 'task-simulation-0f6c3b940c81c5fb-exec-2'), ('04:15', 'task-simulation-0f6c3b940c81c5fb-exec-3'), ('04:15', 'task-simulation-0f6c3b940c81c5fb-exec-4'), ('04:15', 'task-simulation-0f6c3b940c81c5fb-exec-5'), ('04:16', 'task-simulation-0f6c3b940c81c5fb-exec-6')]"
51,2024-12-28 09:03:35.788968,2024-12-28 09:04:35.204935,445.82199999999983,"[('03:59', 'task-simulation-2e8d4b940c81ef3c-exec-1'), ('04:00', 'task-simulation-2e8d4b940c81ef3c-exec-2'), ('04:00', 'task-simulation-2e8d4b940c81ef3c-exec-3'), ('04:03', 'task-simulation-2e8d4b940c81ef3c-exec-1'), ('04:03', 'task-simulation-2e8d4b940c81ef3c-exec-2'), ('04:03', 'task-simulation-2e8d4b940c81ef3c-exec-3'), ('04:04', 'task-simulation-2e8d4b940c81ef3c-exec-4'), ('04:04', 'task-simulation-2e8d4b940c81ef3c-exec-5'), ('04:04', 'task-simulation-2e8d4b940c81ef3c-exec-6'), ('04:07', 'task-simulation-2e8d4b940c81ef3c-exec-1'), ('04:07', 'task-simulation-2e8d4b940c81ef3c-exec-2'), ('04:07', 'task-simulation-2e8d4b940c81ef3c-exec-3'), ('04:08', 'task-simulation-2e8d4b940c81ef3c-exec-4'), ('04:08', 'task-simulation-2e8d4b940c81ef3c-exec-5'), ('04:08', 'task-simulation-2e8d4b940c81ef3c-exec-6'), ('04:11', 'task-simulation-2e8d4b940c81ef3c-exec-1'), ('04:12', 'task-simulation-2e8d4b940c81ef3c-exec-2'), ('04:12', 'task-simulation-2e8d4b940c81ef3c-exec-3'), ('04:12', 'task-simulation-2e8d4b940c81ef3c-exec-4'), ('04:12', 'task-simulation-2e8d4b940c81ef3c-exec-5'), ('04:13', 'task-simulation-2e8d4b940c81ef3c-exec-6'), ('04:16', 'task-simulation-2e8d4b940c81ef3c-exec-1'), ('04:16', 'task-simulation-2e8d4b940c81ef3c-exec-2'), ('04:17', 'task-simulation-2e8d4b940c81ef3c-exec-3'), ('04:17', 'task-simulation-2e8d4b940c81ef3c-exec-4'), ('04:17', 'task-simulation-2e8d4b940c81ef3c-exec-5'), ('04:17', 'task-simulation-2e8d4b940c81ef3c-exec-6'), ('04:21', 'task-simulation-2e8d4b940c81ef3c-exec-1'), ('04:21', 'task-simulation-2e8d4b940c81ef3c-exec-2'), ('04:22', 'task-simulation-2e8d4b940c81ef3c-exec-3'), ('04:22', 'task-simulation-2e8d4b940c81ef3c-exec-4'), ('04:22', 'task-simulation-2e8d4b940c81ef3c-exec-5'), ('04:22', 'task-simulation-2e8d4b940c81ef3c-exec-6'), ('04:26', 'task-simulation-2e8d4b940c81ef3c-exec-1'), ('04:26', 'task-simulation-2e8d4b940c81ef3c-exec-2'), ('04:26', 'task-simulation-2e8d4b940c81ef3c-exec-3'), ('04:26', 'task-simulation-2e8d4b940c81ef3c-exec-4'), ('04:27', 'task-simulation-2e8d4b940c81ef3c-exec-5'), ('04:27', 'task-simulation-2e8d4b940c81ef3c-exec-6')]"
52,2024-12-28 09:03:39.948976,2024-12-28 09:04:14.501902,11.431333333333333,"[('04:05', 'task-simulation-05d64f940c8209f3-exec-1')]"
53,2024-12-28 09:03:45.025830,2024-12-28 09:04:20.886025,22.862666666666666,"[('04:13', 'task-simulation-309519940c821855-exec-1'), ('04:13', 'task-simulation-309519940c821855-exec-2')]"
54,2024-12-28 09:03:48.595759,2024-12-28 09:05:30.534898,1356.7859999999996,"[('04:18', 'task-simulation-d5a40c940c8228e0-exec-1'), ('04:18', 'task-simulation-d5a40c940c8228e0-exec-2'), ('04:19', 'task-simulation-d5a40c940c8228e0-exec-3'), ('04:19', 'task-simulation-d5a40c940c8228e0-exec-4'), ('04:19', 'task-simulation-d5a40c940c8228e0-exec-5'), ('04:23', 'task-simulation-d5a40c940c8228e0-exec-1'), ('04:23', 'task-simulation-d5a40c940c8228e0-exec-2'), ('04:23', 'task-simulation-d5a40c940c8228e0-exec-3'), ('04:24', 'task-simulation-d5a40c940c8228e0-exec-4'), ('04:24', 'task-simulation-d5a40c940c8228e0-exec-5'), ('04:24', 'task-simulation-d5a40c940c8228e0-exec-6'), ('04:27', 'task-simulation-d5a40c940c8228e0-exec-1'), ('04:27', 'task-simulation-d5a40c940c8228e0-exec-2'), ('04:28', 'task-simulation-d5a40c940c8228e0-exec-3'), ('04:28', 'task-simulation-d5a40c940c8228e0-exec-4'), ('04:28', 'task-simulation-d5a40c940c8228e0-exec-5'), ('04:28', 'task-simulation-d5a40c940c8228e0-exec-6'), ('04:30', 'task-simulation-d5a40c940c8228e0-exec-1'), ('04:30', 'task-simulation-d5a40c940c8228e0-exec-2'), ('04:30', 'task-simulation-d5a40c940c8228e0-exec-3'), ('04:31', 'task-simulation-d5a40c940c8228e0-exec-4'), ('04:31', 'task-simulation-d5a40c940c8228e0-exec-5'), ('04:31', 'task-simulation-d5a40c940c8228e0-exec-6'), ('04:32', 'task-simulation-d5a40c940c8228e0-exec-1'), ('04:33', 'task-simulation-d5a40c940c8228e0-exec-2'), ('04:33', 'task-simulation-d5a40c940c8228e0-exec-3'), ('04:33', 'task-simulation-d5a40c940c8228e0-exec-4'), ('04:33', 'task-simulation-d5a40c940c8228e0-exec-5'), ('04:34', 'task-simulation-d5a40c940c8228e0-exec-6'), ('04:35', 'task-simulation-d5a40c940c8228e0-exec-1'), ('04:36', 'task-simulation-d5a40c940c8228e0-exec-2'), ('04:36', 'task-simulation-d5a40c940c8228e0-exec-3'), ('04:36', 'task-simulation-d5a40c940c8228e0-exec-4'), ('04:36', 'task-simulation-d5a40c940c8228e0-exec-5'), ('04:36', 'task-simulation-d5a40c940c8228e0-exec-6'), ('04:38', 'task-simulation-d5a40c940c8228e0-exec-1'), ('04:38', 'task-simulation-d5a40c940c8228e0-exec-2'), ('04:39', 'task-simulation-d5a40c940c8228e0-exec-3'), ('04:39', 'task-simulation-d5a40c940c8228e0-exec-4'), ('04:39', 'task-simulation-d5a40c940c8228e0-exec-5'), ('04:39', 'task-simulation-d5a40c940c8228e0-exec-6'), ('04:41', 'task-simulation-d5a40c940c8228e0-exec-1'), ('04:41', 'task-simulation-d5a40c940c8228e0-exec-2'), ('04:41', 'task-simulation-d5a40c940c8228e0-exec-3'), ('04:42', 'task-simulation-d5a40c940c8228e0-exec-4'), ('04:42', 'task-simulation-d5a40c940c8228e0-exec-5'), ('04:42', 'task-simulation-d5a40c940c8228e0-exec-6'), ('04:44', 'task-simulation-d5a40c940c8228e0-exec-1'), ('04:44', 'task-simulation-d5a40c940c8228e0-exec-2'), ('04:44', 'task-simulation-d5a40c940c8228e0-exec-3'), ('04:45', 'task-simulation-d5a40c940c8228e0-exec-4'), ('04:45', 'task-simulation-d5a40c940c8228e0-exec-5'), ('04:45', 'task-simulation-d5a40c940c8228e0-exec-6'), ('04:47', 'task-simulation-d5a40c940c8228e0-exec-1'), ('04:47', 'task-simulation-d5a40c940c8228e0-exec-2'), ('04:47', 'task-simulation-d5a40c940c8228e0-exec-3'), ('04:48', 'task-simulation-d5a40c940c8228e0-exec-4'), ('04:48', 'task-simulation-d5a40c940c8228e0-exec-5'), ('04:48', 'task-simulation-d5a40c940c8228e0-exec-6'), ('04:50', 'task-simulation-d5a40c940c8228e0-exec-1'), ('04:50', 'task-simulation-d5a40c940c8228e0-exec-2'), ('04:50', 'task-simulation-d5a40c940c8228e0-exec-3'), ('04:50', 'task-simulation-d5a40c940c8228e0-exec-4'), ('04:51', 'task-simulation-d5a40c940c8228e0-exec-5'), ('04:51', 'task-simulation-d5a40c940c8228e0-exec-6'), ('04:53', 'task-simulation-d5a40c940c8228e0-exec-1'), ('04:53', 'task-simulation-d5a40c940c8228e0-exec-2'), ('04:53', 'task-simulation-d5a40c940c8228e0-exec-3'), ('04:53', 'task-simulation-d5a40c940c8228e0-exec-4'), ('04:54', 'task-simulation-d5a40c940c8228e0-exec-5'), ('04:54', 'task-simulation-d5a40c940c8228e0-exec-6'), ('04:55', 'task-simulation-d5a40c940c8228e0-exec-1'), ('04:56', 'task-simulation-d5a40c940c8228e0-exec-2'), ('04:56', 'task-simulation-d5a40c940c8228e0-exec-3'), ('04:56', 'task-simulation-d5a40c940c8228e0-exec-4'), ('04:56', 'task-simulation-d5a40c940c8228e0-exec-5'), ('04:57', 'task-simulation-d5a40c940c8228e0-exec-6'), ('04:58', 'task-simulation-d5a40c940c8228e0-exec-1'), ('04:58', 'task-simulation-d5a40c940c8228e0-exec-2'), ('04:58', 'task-simulation-d5a40c940c8228e0-exec-3'), ('04:59', 'task-simulation-d5a40c940c8228e0-exec-4'), ('04:59', 'task-simulation-d5a40c940c8228e0-exec-5'), ('04:59', 'task-simulation-d5a40c940c8228e0-exec-6'), ('05:01', 'task-simulation-d5a40c940c8228e0-exec-1'), ('05:01', 'task-simulation-d5a40c940c8228e0-exec-2'), ('05:02', 'task-simulation-d5a40c940c8228e0-exec-3'), ('05:02', 'task-simulation-d5a40c940c8228e0-exec-4'), ('05:02', 'task-simulation-d5a40c940c8228e0-exec-5'), ('05:02', 'task-simulation-d5a40c940c8228e0-exec-6'), ('05:05', 'task-simulation-d5a40c940c8228e0-exec-1'), ('05:05', 'task-simulation-d5a40c940c8228e0-exec-2'), ('05:06', 'task-simulation-d5a40c940c8228e0-exec-3'), ('05:06', 'task-simulation-d5a40c940c8228e0-exec-4'), ('05:06', 'task-simulation-d5a40c940c8228e0-exec-5'), ('05:06', 'task-simulation-d5a40c940c8228e0-exec-6'), ('05:10', 'task-simulation-d5a40c940c8228e0-exec-1'), ('05:10', 'task-simulation-d5a40c940c8228e0-exec-2'), ('05:10', 'task-simulation-d5a40c940c8228e0-exec-3'), ('05:10', 'task-simulation-d5a40c940c8228e0-exec-4'), ('05:11', 'task-simulation-d5a40c940c8228e0-exec-5'), ('05:11', 'task-simulation-d5a40c940c8228e0-exec-6'), ('05:16', 'task-simulation-d5a40c940c8228e0-exec-1'), ('05:16', 'task-simulation-d5a40c940c8228e0-exec-2'), ('05:16', 'task-simulation-d5a40c940c8228e0-exec-3'), ('05:17', 'task-simulation-d5a40c940c8228e0-exec-4'), ('05:17', 'task-simulation-d5a40c940c8228e0-exec-5'), ('05:17', 'task-simulation-d5a40c940c8228e0-exec-6'), ('05:20', 'task-simulation-d5a40c940c8228e0-exec-1'), ('05:20', 'task-simulation-d5a40c940c8228e0-exec-2'), ('05:20', 'task-simulation-d5a40c940c8228e0-exec-3'), ('05:20', 'task-simulation-d5a40c940c8228e0-exec-4'), ('05:21', 'task-simulation-d5a40c940c8228e0-exec-5'), ('05:21', 'task-simulation-d5a40c940c8228e0-exec-6'), ('05:24', 'task-simulation-d5a40c940c8228e0-exec-1'), ('05:24', 'task-simulation-d5a40c940c8228e0-exec-2'), ('05:25', 'task-simulation-d5a40c940c8228e0-exec-3'), ('05:25', 'task-simulation-d5a40c940c8228e0-exec-4')]"
55,2024-12-28 09:04:14.514297,2024-12-28 09:04:43.623021,22.862666666666666,"[('04:35', 'task-simulation-bf54a2940c828279-exec-1'), ('04:38', 'task-simulation-bf54a2940c828279-exec-1')]"
56,2024-12-28 09:04:20.892109,2024-12-28 09:04:49.698100,22.862666666666666,"[('04:41', 'task-simulation-0db013940c829c89-exec-1'), ('04:44', 'task-simulation-0db013940c829c89-exec-1')]"
57,2024-12-28 09:04:40.716473,2024-12-28 09:05:18.562071,246.81999999999996,"[('05:01', 'task-simulation-229dc7940c82e6c0-exec-1'), ('05:01', 'task-simulation-229dc7940c82e6c0-exec-2'), ('05:01', 'task-simulation-229dc7940c82e6c0-exec-3'), ('05:04', 'task-simulation-229dc7940c82e6c0-exec-1'), ('05:04', 'task-simulation-229dc7940c82e6c0-exec-2'), ('05:04', 'task-simulation-229dc7940c82e6c0-exec-3'), ('05:04', 'task-simulation-229dc7940c82e6c0-exec-4'), ('05:05', 'task-simulation-229dc7940c82e6c0-exec-5'), ('05:05', 'task-simulation-229dc7940c82e6c0-exec-6'), ('05:08', 'task-simulation-229dc7940c82e6c0-exec-1'), ('05:08', 'task-simulation-229dc7940c82e6c0-exec-2'), ('05:08', 'task-simulation-229dc7940c82e6c0-exec-3'), ('05:09', 'task-simulation-229dc7940c82e6c0-exec-4'), ('05:09', 'task-simulation-229dc7940c82e6c0-exec-5'), ('05:09', 'task-simulation-229dc7940c82e6c0-exec-6'), ('05:12', 'task-simulation-229dc7940c82e6c0-exec-1'), ('05:13', 'task-simulation-229dc7940c82e6c0-exec-2'), ('05:13', 'task-simulation-229dc7940c82e6c0-exec-3'), ('05:13', 'task-simulation-229dc7940c82e6c0-exec-4'), ('05:14', 'task-simulation-229dc7940c82e6c0-exec-5'), ('05:14', 'task-simulation-229dc7940c82e6c0-exec-6')]"
58,2024-12-28 09:04:46.695165,2024-12-28 09:06:00.140327,648.8823333333336,"[('05:09', 'task-simulation-99f66b940c8302ce-exec-1'), ('05:14', 'task-simulation-99f66b940c8302ce-exec-1'), ('05:15', 'task-simulation-99f66b940c8302ce-exec-2'), ('05:15', 'task-simulation-99f66b940c8302ce-exec-3'), ('05:15', 'task-simulation-99f66b940c8302ce-exec-4'), ('05:15', 'task-simulation-99f66b940c8302ce-exec-5'), ('05:16', 'task-simulation-99f66b940c8302ce-exec-6'), ('05:18', 'task-simulation-99f66b940c8302ce-exec-1'), ('05:19', 'task-simulation-99f66b940c8302ce-exec-2'), ('05:19', 'task-simulation-99f66b940c8302ce-exec-3'), ('05:19', 'task-simulation-99f66b940c8302ce-exec-4'), ('05:19', 'task-simulation-99f66b940c8302ce-exec-5'), ('05:20', 'task-simulation-99f66b940c8302ce-exec-6'), ('05:22', 'task-simulation-99f66b940c8302ce-exec-1'), ('05:23', 'task-simulation-99f66b940c8302ce-exec-2'), ('05:23', 'task-simulation-99f66b940c8302ce-exec-3'), ('05:23', 'task-simulation-99f66b940c8302ce-exec-4'), ('05:23', 'task-simulation-99f66b940c8302ce-exec-5'), ('05:24', 'task-simulation-99f66b940c8302ce-exec-6'), ('05:28', 'task-simulation-99f66b940c8302ce-exec-1'), ('05:28', 'task-simulation-99f66b940c8302ce-exec-2'), ('05:28', 'task-simulation-99f66b940c8302ce-exec-3'), ('05:28', 'task-simulation-99f66b940c8302ce-exec-4'), ('05:29', 'task-simulation-99f66b940c8302ce-exec-5'), ('05:29', 'task-simulation-99f66b940c8302ce-exec-6'), ('05:32', 'task-simulation-99f66b940c8302ce-exec-1'), ('05:32', 'task-simulation-99f66b940c8302ce-exec-2'), ('05:32', 'task-simulation-99f66b940c8302ce-exec-3'), ('05:32', 'task-simulation-99f66b940c8302ce-exec-4'), ('05:33', 'task-simulation-99f66b940c8302ce-exec-5'), ('05:33', 'task-simulation-99f66b940c8302ce-exec-6'), ('05:36', 'task-simulation-99f66b940c8302ce-exec-1'), ('05:36', 'task-simulation-99f66b940c8302ce-exec-2'), ('05:36', 'task-simulation-99f66b940c8302ce-exec-3'), ('05:36', 'task-simulation-99f66b940c8302ce-exec-4'), ('05:37', 'task-simulation-99f66b940c8302ce-exec-5'), ('05:37', 'task-simulation-99f66b940c8302ce-exec-6'), ('05:40', 'task-simulation-99f66b940c8302ce-exec-1'), ('05:40', 'task-simulation-99f66b940c8302ce-exec-2'), ('05:40', 'task-simulation-99f66b940c8302ce-exec-3'), ('05:41', 'task-simulation-99f66b940c8302ce-exec-4'), ('05:41', 'task-simulation-99f66b940c8302ce-exec-5'), ('05:41', 'task-simulation-99f66b940c8302ce-exec-6'), ('05:45', 'task-simulation-99f66b940c8302ce-exec-1'), ('05:45', 'task-simulation-99f66b940c8302ce-exec-2'), ('05:45', 'task-simulation-99f66b940c8302ce-exec-3'), ('05:46', 'task-simulation-99f66b940c8302ce-exec-4'), ('05:46', 'task-simulation-99f66b940c8302ce-exec-5'), ('05:46', 'task-simulation-99f66b940c8302ce-exec-6'), ('05:51', 'task-simulation-99f66b940c8302ce-exec-1'), ('05:51', 'task-simulation-99f66b940c8302ce-exec-2'), ('05:51', 'task-simulation-99f66b940c8302ce-exec-3'), ('05:51', 'task-simulation-99f66b940c8302ce-exec-4'), ('05:52', 'task-simulation-99f66b940c8302ce-exec-5'), ('05:52', 'task-simulation-99f66b940c8302ce-exec-6')]"
59,2024-12-28 09:05:07.878134,2024-12-28 09:06:16.073046,672.4725000000004,"[('05:27', 'task-simulation-796da4940c835394-exec-1'), ('05:30', 'task-simulation-796da4940c835394-exec-1'), ('05:31', 'task-simulation-796da4940c835394-exec-2'), ('05:31', 'task-simulation-796da4940c835394-exec-3'), ('05:31', 'task-simulation-796da4940c835394-exec-4'), ('05:31', 'task-simulation-796da4940c835394-exec-5'), ('05:34', 'task-simulation-796da4940c835394-exec-1'), ('05:35', 'task-simulation-796da4940c835394-exec-2'), ('05:35', 'task-simulation-796da4940c835394-exec-3'), ('05:35', 'task-simulation-796da4940c835394-exec-4'), ('05:35', 'task-simulation-796da4940c835394-exec-5'), ('05:38', 'task-simulation-796da4940c835394-exec-1'), ('05:39', 'task-simulation-796da4940c835394-exec-2'), ('05:39', 'task-simulation-796da4940c835394-exec-3'), ('05:39', 'task-simulation-796da4940c835394-exec-4'), ('05:39', 'task-simulation-796da4940c835394-exec-5'), ('05:43', 'task-simulation-796da4940c835394-exec-1'), ('05:44', 'task-simulation-796da4940c835394-exec-2'), ('05:44', 'task-simulation-796da4940c835394-exec-3'), ('05:44', 'task-simulation-796da4940c835394-exec-4'), ('05:44', 'task-simulation-796da4940c835394-exec-5'), ('05:50', 'task-simulation-796da4940c835394-exec-1'), ('05:50', 'task-simulation-796da4940c835394-exec-2'), ('05:50', 'task-simulation-796da4940c835394-exec-3'), ('05:50', 'task-simulation-796da4940c835394-exec-4'), ('05:50', 'task-simulation-796da4940c835394-exec-5'), ('05:55', 'task-simulation-796da4940c835394-exec-1'), ('05:56', 'task-simulation-796da4940c835394-exec-2'), ('05:56', 'task-simulation-796da4940c835394-exec-3'), ('05:56', 'task-simulation-796da4940c835394-exec-4'), ('05:56', 'task-simulation-796da4940c835394-exec-5'), ('06:00', 'task-simulation-796da4940c835394-exec-1'), ('06:00', 'task-simulation-796da4940c835394-exec-2'), ('06:01', 'task-simulation-796da4940c835394-exec-3'), ('06:01', 'task-simulation-796da4940c835394-exec-4'), ('06:01', 'task-simulation-796da4940c835394-exec-5'), ('06:03', 'task-simulation-796da4940c835394-exec-1'), ('06:03', 'task-simulation-796da4940c835394-exec-2'), ('06:03', 'task-simulation-796da4940c835394-exec-3'), ('06:03', 'task-simulation-796da4940c835394-exec-4'), ('06:04', 'task-simulation-796da4940c835394-exec-5'), ('06:05', 'task-simulation-796da4940c835394-exec-1'), ('06:05', 'task-simulation-796da4940c835394-exec-2'), ('06:06', 'task-simulation-796da4940c835394-exec-3'), ('06:06', 'task-simulation-796da4940c835394-exec-4'), ('06:06', 'task-simulation-796da4940c835394-exec-5'), ('06:08', 'task-simulation-796da4940c835394-exec-1'), ('06:08', 'task-simulation-796da4940c835394-exec-2'), ('06:08', 'task-simulation-796da4940c835394-exec-3'), ('06:09', 'task-simulation-796da4940c835394-exec-4'), ('06:09', 'task-simulation-796da4940c835394-exec-5'), ('06:10', 'task-simulation-796da4940c835394-exec-1'), ('06:10', 'task-simulation-796da4940c835394-exec-2'), ('06:11', 'task-simulation-796da4940c835394-exec-3'), ('06:11', 'task-simulation-796da4940c835394-exec-4'), ('06:12', 'task-simulation-796da4940c835394-exec-5')]"
60,2024-12-28 09:05:22.384967,2024-12-28 09:06:02.598943,157.28316666666666,"[('05:43', 'task-simulation-6543b7940c838eda-exec-1'), ('05:48', 'task-simulation-6543b7940c838eda-exec-1'), ('05:48', 'task-simulation-6543b7940c838eda-exec-2'), ('05:48', 'task-simulation-6543b7940c838eda-exec-3'), ('05:49', 'task-simulation-6543b7940c838eda-exec-4'), ('05:49', 'task-simulation-6543b7940c838eda-exec-5'), ('05:49', 'task-simulation-6543b7940c838eda-exec-6'), ('05:54', 'task-simulation-6543b7940c838eda-exec-1'), ('05:54', 'task-simulation-6543b7940c838eda-exec-2'), ('05:54', 'task-simulation-6543b7940c838eda-exec-3'), ('05:55', 'task-simulation-6543b7940c838eda-exec-4'), ('05:55', 'task-simulation-6543b7940c838eda-exec-5'), ('05:55', 'task-simulation-6543b7940c838eda-exec-6')]"
61,2024-12-28 09:05:34.307900,2024-12-28 09:06:02.599076,12.1615,"[('05:54', 'task-simulation-42bd3d940c83ba77-exec-1')]"
63,2024-12-28 09:05:42.841314,2024-12-28 09:06:13.579417,24.323,"[('06:05', 'task-simulation-18fb6e940c83e1c6-exec-1'), ('06:08', 'task-simulation-18fb6e940c83e1c6-exec-1')]"
65,2024-12-28 09:06:10.297969,2024-12-28 09:07:47.561127,1468.1859999999979,"[('06:30', 'task-simulation-be5718940c844715-exec-1'), ('06:32', 'task-simulation-be5718940c844715-exec-1'), ('06:32', 'task-simulation-be5718940c844715-exec-2'), ('06:33', 'task-simulation-be5718940c844715-exec-3'), ('06:33', 'task-simulation-be5718940c844715-exec-4'), ('06:33', 'task-simulation-be5718940c844715-exec-6'), ('06:35', 'task-simulation-be5718940c844715-exec-1'), ('06:35', 'task-simulation-be5718940c844715-exec-2'), ('06:36', 'task-simulation-be5718940c844715-exec-3'), ('06:36', 'task-simulation-be5718940c844715-exec-4'), ('06:36', 'task-simulation-be5718940c844715-exec-5'), ('06:37', 'task-simulation-be5718940c844715-exec-6'), ('06:38', 'task-simulation-be5718940c844715-exec-1'), ('06:39', 'task-simulation-be5718940c844715-exec-2'), ('06:39', 'task-simulation-be5718940c844715-exec-3'), ('06:39', 'task-simulation-be5718940c844715-exec-4'), ('06:39', 'task-simulation-be5718940c844715-exec-5'), ('06:40', 'task-simulation-be5718940c844715-exec-6'), ('06:41', 'task-simulation-be5718940c844715-exec-1'), ('06:41', 'task-simulation-be5718940c844715-exec-2'), ('06:41', 'task-simulation-be5718940c844715-exec-3'), ('06:42', 'task-simulation-be5718940c844715-exec-4'), ('06:42', 'task-simulation-be5718940c844715-exec-5'), ('06:42', 'task-simulation-be5718940c844715-exec-6'), ('06:43', 'task-simulation-be5718940c844715-exec-1'), ('06:44', 'task-simulation-be5718940c844715-exec-2'), ('06:44', 'task-simulation-be5718940c844715-exec-3'), ('06:44', 'task-simulation-be5718940c844715-exec-4'), ('06:44', 'task-simulation-be5718940c844715-exec-5'), ('06:45', 'task-simulation-be5718940c844715-exec-6'), ('06:47', 'task-simulation-be5718940c844715-exec-1'), ('06:47', 'task-simulation-be5718940c844715-exec-2'), ('06:47', 'task-simulation-be5718940c844715-exec-3'), ('06:47', 'task-simulation-be5718940c844715-exec-4'), ('06:48', 'task-simulation-be5718940c844715-exec-5'), ('06:48', 'task-simulation-be5718940c844715-exec-6'), ('06:51', 'task-simulation-be5718940c844715-exec-1'), ('06:51', 'task-simulation-be5718940c844715-exec-2'), ('06:51', 'task-simulation-be5718940c844715-exec-3'), ('06:52', 'task-simulation-be5718940c844715-exec-4'), ('06:52', 'task-simulation-be5718940c844715-exec-5'), ('06:52', 'task-simulation-be5718940c844715-exec-6'), ('06:55', 'task-simulation-be5718940c844715-exec-1'), ('06:55', 'task-simulation-be5718940c844715-exec-2'), ('06:55', 'task-simulation-be5718940c844715-exec-3'), ('06:56', 'task-simulation-be5718940c844715-exec-4'), ('06:56', 'task-simulation-be5718940c844715-exec-5'), ('06:56', 'task-simulation-be5718940c844715-exec-6'), ('07:00', 'task-simulation-be5718940c844715-exec-1'), ('07:00', 'task-simulation-be5718940c844715-exec-2'), ('07:00', 'task-simulation-be5718940c844715-exec-3'), ('07:01', 'task-simulation-be5718940c844715-exec-4'), ('07:01', 'task-simulation-be5718940c844715-exec-5'), ('07:01', 'task-simulation-be5718940c844715-exec-6'), ('07:04', 'task-simulation-be5718940c844715-exec-1'), ('07:04', 'task-simulation-be5718940c844715-exec-2'), ('07:04', 'task-simulation-be5718940c844715-exec-3'), ('07:05', 'task-simulation-be5718940c844715-exec-4'), ('07:05', 'task-simulation-be5718940c844715-exec-5'), ('07:05', 'task-simulation-be5718940c844715-exec-6'), ('07:08', 'task-simulation-be5718940c844715-exec-1'), ('07:08', 'task-simulation-be5718940c844715-exec-2'), ('07:08', 'task-simulation-be5718940c844715-exec-3'), ('07:08', 'task-simulation-be5718940c844715-exec-4'), ('07:08', 'task-simulation-be5718940c844715-exec-5'), ('07:09', 'task-simulation-be5718940c844715-exec-6'), ('07:11', 'task-simulation-be5718940c844715-exec-1'), ('07:11', 'task-simulation-be5718940c844715-exec-2'), ('07:12', 'task-simulation-be5718940c844715-exec-3'), ('07:12', 'task-simulation-be5718940c844715-exec-4'), ('07:12', 'task-simulation-be5718940c844715-exec-5'), ('07:12', 'task-simulation-be5718940c844715-exec-6'), ('07:15', 'task-simulation-be5718940c844715-exec-1'), ('07:15', 'task-simulation-be5718940c844715-exec-2'), ('07:15', 'task-simulation-be5718940c844715-exec-3'), ('07:16', 'task-simulation-be5718940c844715-exec-4'), ('07:16', 'task-simulation-be5718940c844715-exec-5'), ('07:16', 'task-simulation-be5718940c844715-exec-6'), ('07:19', 'task-simulation-be5718940c844715-exec-1'), ('07:19', 'task-simulation-be5718940c844715-exec-2'), ('07:19', 'task-simulation-be5718940c844715-exec-3'), ('07:20', 'task-simulation-be5718940c844715-exec-4'), ('07:20', 'task-simulation-be5718940c844715-exec-5'), ('07:20', 'task-simulation-be5718940c844715-exec-6'), ('07:23', 'task-simulation-be5718940c844715-exec-1'), ('07:23', 'task-simulation-be5718940c844715-exec-2'), ('07:24', 'task-simulation-be5718940c844715-exec-3'), ('07:24', 'task-simulation-be5718940c844715-exec-4'), ('07:24', 'task-simulation-be5718940c844715-exec-5'), ('07:24', 'task-simulation-be5718940c844715-exec-6'), ('07:27', 'task-simulation-be5718940c844715-exec-1'), ('07:28', 'task-simulation-be5718940c844715-exec-2'), ('07:28', 'task-simulation-be5718940c844715-exec-3'), ('07:28', 'task-simulation-be5718940c844715-exec-4'), ('07:28', 'task-simulation-be5718940c844715-exec-5'), ('07:29', 'task-simulation-be5718940c844715-exec-6'), ('07:31', 'task-simulation-be5718940c844715-exec-1'), ('07:31', 'task-simulation-be5718940c844715-exec-2'), ('07:32', 'task-simulation-be5718940c844715-exec-3'), ('07:32', 'task-simulation-be5718940c844715-exec-4'), ('07:32', 'task-simulation-be5718940c844715-exec-5'), ('07:32', 'task-simulation-be5718940c844715-exec-6'), ('07:35', 'task-simulation-be5718940c844715-exec-1'), ('07:35', 'task-simulation-be5718940c844715-exec-2'), ('07:36', 'task-simulation-be5718940c844715-exec-3'), ('07:36', 'task-simulation-be5718940c844715-exec-4'), ('07:36', 'task-simulation-be5718940c844715-exec-5'), ('07:36', 'task-simulation-be5718940c844715-exec-6'), ('07:38', 'task-simulation-be5718940c844715-exec-1'), ('07:38', 'task-simulation-be5718940c844715-exec-2'), ('07:39', 'task-simulation-be5718940c844715-exec-3'), ('07:39', 'task-simulation-be5718940c844715-exec-4'), ('07:39', 'task-simulation-be5718940c844715-exec-5'), ('07:39', 'task-simulation-be5718940c844715-exec-6'), ('07:41', 'task-simulation-be5718940c844715-exec-1'), ('07:41', 'task-simulation-be5718940c844715-exec-2'), ('07:41', 'task-simulation-be5718940c844715-exec-3'), ('07:42', 'task-simulation-be5718940c844715-exec-4'), ('07:42', 'task-simulation-be5718940c844715-exec-5'), ('07:42', 'task-simulation-be5718940c844715-exec-6')]"
66,2024-12-28 09:06:24.481670,2024-12-28 09:07:07.685553,232.95550000000003,"[('06:46', 'task-simulation-700630940c848692-exec-1'), ('06:49', 'task-simulation-700630940c848692-exec-1'), ('06:50', 'task-simulation-700630940c848692-exec-2'), ('06:50', 'task-simulation-700630940c848692-exec-3'), ('06:50', 'task-simulation-700630940c848692-exec-4'), ('06:50', 'task-simulation-700630940c848692-exec-5'), ('06:51', 'task-simulation-700630940c848692-exec-6'), ('06:53', 'task-simulation-700630940c848692-exec-1'), ('06:54', 'task-simulation-700630940c848692-exec-2'), ('06:54', 'task-simulation-700630940c848692-exec-3'), ('06:54', 'task-simulation-700630940c848692-exec-4'), ('06:54', 'task-simulation-700630940c848692-exec-5'), ('06:55', 'task-simulation-700630940c848692-exec-6'), ('06:59', 'task-simulation-700630940c848692-exec-1'), ('06:59', 'task-simulation-700630940c848692-exec-2'), ('06:59', 'task-simulation-700630940c848692-exec-3'), ('06:59', 'task-simulation-700630940c848692-exec-4'), ('07:00', 'task-simulation-700630940c848692-exec-5'), ('07:00', 'task-simulation-700630940c848692-exec-6')]"
67,2024-12-28 09:06:25.690004,2024-12-28 09:06:58.641669,24.427833333333332,"[('06:46', 'task-simulation-578b3d940c848a45-exec-1'), ('06:49', 'task-simulation-578b3d940c848a45-exec-1')]"
68,2024-12-28 09:06:29.627231,2024-12-28 09:07:40.843579,613.3166666666664,"[('06:56', 'task-simulation-ced090940c849c3b-exec-1'), ('06:56', 'task-simulation-ced090940c849c3b-exec-2'), ('06:57', 'task-simulation-ced090940c849c3b-exec-3'), ('06:57', 'task-simulation-ced090940c849c3b-exec-4'), ('06:57', 'task-simulation-ced090940c849c3b-exec-5'), ('07:01', 'task-simulation-ced090940c849c3b-exec-1'), ('07:02', 'task-simulation-ced090940c849c3b-exec-2'), ('07:02', 'task-simulation-ced090940c849c3b-exec-3'), ('07:02', 'task-simulation-ced090940c849c3b-exec-4'), ('07:02', 'task-simulation-ced090940c849c3b-exec-5'), ('07:05', 'task-simulation-ced090940c849c3b-exec-1'), ('07:06', 'task-simulation-ced090940c849c3b-exec-2'), ('07:06', 'task-simulation-ced090940c849c3b-exec-3'), ('07:06', 'task-simulation-ced090940c849c3b-exec-4'), ('07:06', 'task-simulation-ced090940c849c3b-exec-5'), ('07:09', 'task-simulation-ced090940c849c3b-exec-1'), ('07:09', 'task-simulation-ced090940c849c3b-exec-2'), ('07:09', 'task-simulation-ced090940c849c3b-exec-3'), ('07:10', 'task-simulation-ced090940c849c3b-exec-4'), ('07:10', 'task-simulation-ced090940c849c3b-exec-5'), ('07:13', 'task-simulation-ced090940c849c3b-exec-1'), ('07:13', 'task-simulation-ced090940c849c3b-exec-2'), ('07:13', 'task-simulation-ced090940c849c3b-exec-3'), ('07:13', 'task-simulation-ced090940c849c3b-exec-4'), ('07:13', 'task-simulation-ced090940c849c3b-exec-5'), ('07:16', 'task-simulation-ced090940c849c3b-exec-1'), ('07:16', 'task-simulation-ced090940c849c3b-exec-2'), ('07:17', 'task-simulation-ced090940c849c3b-exec-3'), ('07:17', 'task-simulation-ced090940c849c3b-exec-4'), ('07:17', 'task-simulation-ced090940c849c3b-exec-5'), ('07:20', 'task-simulation-ced090940c849c3b-exec-1'), ('07:21', 'task-simulation-ced090940c849c3b-exec-2'), ('07:21', 'task-simulation-ced090940c849c3b-exec-3'), ('07:21', 'task-simulation-ced090940c849c3b-exec-4'), ('07:22', 'task-simulation-ced090940c849c3b-exec-5'), ('07:25', 'task-simulation-ced090940c849c3b-exec-1'), ('07:25', 'task-simulation-ced090940c849c3b-exec-2'), ('07:25', 'task-simulation-ced090940c849c3b-exec-3'), ('07:25', 'task-simulation-ced090940c849c3b-exec-4'), ('07:25', 'task-simulation-ced090940c849c3b-exec-5'), ('07:29', 'task-simulation-ced090940c849c3b-exec-1'), ('07:29', 'task-simulation-ced090940c849c3b-exec-2'), ('07:29', 'task-simulation-ced090940c849c3b-exec-3'), ('07:30', 'task-simulation-ced090940c849c3b-exec-4'), ('07:30', 'task-simulation-ced090940c849c3b-exec-5'), ('07:33', 'task-simulation-ced090940c849c3b-exec-1'), ('07:33', 'task-simulation-ced090940c849c3b-exec-2'), ('07:33', 'task-simulation-ced090940c849c3b-exec-3'), ('07:33', 'task-simulation-ced090940c849c3b-exec-4'), ('07:33', 'task-simulation-ced090940c849c3b-exec-5')]"
69,2024-12-28 09:07:14.923025,2024-12-28 09:07:45.111440,24.532666666666668,"[('07:35', 'task-simulation-12de83940c8544a5-exec-1'), ('07:38', 'task-simulation-12de83940c8544a5-exec-1')]"
71,2024-12-28 09:07:37.781080,2024-12-28 09:08:21.143101,334.01250000000005,"[('07:56', 'task-simulation-49a4c8940c859bd9-exec-1'), ('07:57', 'task-simulation-49a4c8940c859bd9-exec-1'), ('07:58', 'task-simulation-49a4c8940c859bd9-exec-2'), ('07:59', 'task-simulation-49a4c8940c859bd9-exec-1'), ('08:00', 'task-simulation-49a4c8940c859bd9-exec-2'), ('08:00', 'task-simulation-49a4c8940c859bd9-exec-3'), ('08:01', 'task-simulation-49a4c8940c859bd9-exec-1'), ('08:02', 'task-simulation-49a4c8940c859bd9-exec-2'), ('08:02', 'task-simulation-49a4c8940c859bd9-exec-3'), ('08:03', 'task-simulation-49a4c8940c859bd9-exec-1'), ('08:03', 'task-simulation-49a4c8940c859bd9-exec-2'), ('08:04', 'task-simulation-49a4c8940c859bd9-exec-3'), ('08:05', 'task-simulation-49a4c8940c859bd9-exec-1'), ('08:05', 'task-simulation-49a4c8940c859bd9-exec-2'), ('08:05', 'task-simulation-49a4c8940c859bd9-exec-3'), ('08:07', 'task-simulation-49a4c8940c859bd9-exec-1'), ('08:07', 'task-simulation-49a4c8940c859bd9-exec-2'), ('08:07', 'task-simulation-49a4c8940c859bd9-exec-3'), ('08:09', 'task-simulation-49a4c8940c859bd9-exec-1'), ('08:09', 'task-simulation-49a4c8940c859bd9-exec-2'), ('08:09', 'task-simulation-49a4c8940c859bd9-exec-3'), ('08:11', 'task-simulation-49a4c8940c859bd9-exec-1'), ('08:11', 'task-simulation-49a4c8940c859bd9-exec-2'), ('08:11', 'task-simulation-49a4c8940c859bd9-exec-3'), ('08:13', 'task-simulation-49a4c8940c859bd9-exec-1'), ('08:13', 'task-simulation-49a4c8940c859bd9-exec-2'), ('08:14', 'task-simulation-49a4c8940c859bd9-exec-3')]"
72,2024-12-28 09:07:54.800338,2024-12-28 09:08:42.174311,680.3958333333327,"[('08:13', 'task-simulation-215df6940c85da61-exec-1'), ('08:15', 'task-simulation-215df6940c85da61-exec-1'), ('08:16', 'task-simulation-215df6940c85da61-exec-2'), ('08:16', 'task-simulation-215df6940c85da61-exec-3'), ('08:16', 'task-simulation-215df6940c85da61-exec-4'), ('08:16', 'task-simulation-215df6940c85da61-exec-5'), ('08:17', 'task-simulation-215df6940c85da61-exec-6'), ('08:18', 'task-simulation-215df6940c85da61-exec-1'), ('08:18', 'task-simulation-215df6940c85da61-exec-2'), ('08:19', 'task-simulation-215df6940c85da61-exec-3'), ('08:19', 'task-simulation-215df6940c85da61-exec-4'), ('08:19', 'task-simulation-215df6940c85da61-exec-5'), ('08:20', 'task-simulation-215df6940c85da61-exec-6'), ('08:21', 'task-simulation-215df6940c85da61-exec-1'), ('08:21', 'task-simulation-215df6940c85da61-exec-2'), ('08:22', 'task-simulation-215df6940c85da61-exec-3'), ('08:22', 'task-simulation-215df6940c85da61-exec-4'), ('08:22', 'task-simulation-215df6940c85da61-exec-5'), ('08:22', 'task-simulation-215df6940c85da61-exec-6'), ('08:24', 'task-simulation-215df6940c85da61-exec-1'), ('08:24', 'task-simulation-215df6940c85da61-exec-2'), ('08:24', 'task-simulation-215df6940c85da61-exec-3'), ('08:24', 'task-simulation-215df6940c85da61-exec-4'), ('08:25', 'task-simulation-215df6940c85da61-exec-5'), ('08:25', 'task-simulation-215df6940c85da61-exec-6'), ('08:26', 'task-simulation-215df6940c85da61-exec-1'), ('08:26', 'task-simulation-215df6940c85da61-exec-2'), ('08:27', 'task-simulation-215df6940c85da61-exec-3'), ('08:27', 'task-simulation-215df6940c85da61-exec-4'), ('08:27', 'task-simulation-215df6940c85da61-exec-5'), ('08:27', 'task-simulation-215df6940c85da61-exec-6'), ('08:29', 'task-simulation-215df6940c85da61-exec-1'), ('08:29', 'task-simulation-215df6940c85da61-exec-2'), ('08:29', 'task-simulation-215df6940c85da61-exec-3'), ('08:30', 'task-simulation-215df6940c85da61-exec-4'), ('08:30', 'task-simulation-215df6940c85da61-exec-5'), ('08:30', 'task-simulation-215df6940c85da61-exec-6'), ('08:31', 'task-simulation-215df6940c85da61-exec-1'), ('08:32', 'task-simulation-215df6940c85da61-exec-2'), ('08:32', 'task-simulation-215df6940c85da61-exec-3'), ('08:32', 'task-simulation-215df6940c85da61-exec-4'), ('08:33', 'task-simulation-215df6940c85da61-exec-5'), ('08:33', 'task-simulation-215df6940c85da61-exec-6'), ('08:34', 'task-simulation-215df6940c85da61-exec-1'), ('08:35', 'task-simulation-215df6940c85da61-exec-2'), ('08:35', 'task-simulation-215df6940c85da61-exec-3'), ('08:35', 'task-simulation-215df6940c85da61-exec-4'), ('08:35', 'task-simulation-215df6940c85da61-exec-5'), ('08:36', 'task-simulation-215df6940c85da61-exec-6'), ('08:37', 'task-simulation-215df6940c85da61-exec-1'), ('08:37', 'task-simulation-215df6940c85da61-exec-2'), ('08:37', 'task-simulation-215df6940c85da61-exec-3'), ('08:38', 'task-simulation-215df6940c85da61-exec-4'), ('08:38', 'task-simulation-215df6940c85da61-exec-5'), ('08:38', 'task-simulation-215df6940c85da61-exec-6')]"
74,2024-12-28 09:08:44.610103,2024-12-28 09:09:31.433290,505.24299999999965,"[('09:03', 'task-simulation-ce43a0940c869d54-exec-1'), ('09:05', 'task-simulation-ce43a0940c869d54-exec-1'), ('09:05', 'task-simulation-ce43a0940c869d54-exec-2'), ('09:05', 'task-simulation-ce43a0940c869d54-exec-3'), ('09:05', 'task-simulation-ce43a0940c869d54-exec-5'), ('09:07', 'task-simulation-ce43a0940c869d54-exec-1'), ('09:07', 'task-simulation-ce43a0940c869d54-exec-2'), ('09:07', 'task-simulation-ce43a0940c869d54-exec-3'), ('09:08', 'task-simulation-ce43a0940c869d54-exec-4'), ('09:08', 'task-simulation-ce43a0940c869d54-exec-5'), ('09:08', 'task-simulation-ce43a0940c869d54-exec-6'), ('09:11', 'task-simulation-ce43a0940c869d54-exec-1'), ('09:11', 'task-simulation-ce43a0940c869d54-exec-2'), ('09:11', 'task-simulation-ce43a0940c869d54-exec-3'), ('09:11', 'task-simulation-ce43a0940c869d54-exec-4'), ('09:12', 'task-simulation-ce43a0940c869d54-exec-5'), ('09:12', 'task-simulation-ce43a0940c869d54-exec-6'), ('09:14', 'task-simulation-ce43a0940c869d54-exec-1'), ('09:15', 'task-simulation-ce43a0940c869d54-exec-2'), ('09:15', 'task-simulation-ce43a0940c869d54-exec-3'), ('09:15', 'task-simulation-ce43a0940c869d54-exec-4'), ('09:15', 'task-simulation-ce43a0940c869d54-exec-5'), ('09:16', 'task-simulation-ce43a0940c869d54-exec-6'), ('09:18', 'task-simulation-ce43a0940c869d54-exec-1'), ('09:19', 'task-simulation-ce43a0940c869d54-exec-2'), ('09:19', 'task-simulation-ce43a0940c869d54-exec-3'), ('09:19', 'task-simulation-ce43a0940c869d54-exec-4'), ('09:20', 'task-simulation-ce43a0940c869d54-exec-5'), ('09:20', 'task-simulation-ce43a0940c869d54-exec-6'), ('09:22', 'task-simulation-ce43a0940c869d54-exec-1'), ('09:23', 'task-simulation-ce43a0940c869d54-exec-2'), ('09:23', 'task-simulation-ce43a0940c869d54-exec-3'), ('09:23', 'task-simulation-ce43a0940c869d54-exec-4'), ('09:23', 'task-simulation-ce43a0940c869d54-exec-5'), ('09:24', 'task-simulation-ce43a0940c869d54-exec-6'), ('09:25', 'task-simulation-ce43a0940c869d54-exec-1'), ('09:25', 'task-simulation-ce43a0940c869d54-exec-2'), ('09:26', 'task-simulation-ce43a0940c869d54-exec-3'), ('09:26', 'task-simulation-ce43a0940c869d54-exec-4'), ('09:26', 'task-simulation-ce43a0940c869d54-exec-5'), ('09:26', 'task-simulation-ce43a0940c869d54-exec-6')]"
75,2024-12-28 09:08:48.312918,2024-12-28 09:09:27.819596,197.16800000000006,"[('09:10', 'task-simulation-47c6bf940c86b16a-exec-1'), ('09:10', 'task-simulation-47c6bf940c86b16a-exec-2'), ('09:10', 'task-simulation-47c6bf940c86b16a-exec-3'), ('09:10', 'task-simulation-47c6bf940c86b16a-exec-4'), ('09:13', 'task-simulation-47c6bf940c86b16a-exec-1'), ('09:14', 'task-simulation-47c6bf940c86b16a-exec-2'), ('09:14', 'task-simulation-47c6bf940c86b16a-exec-3'), ('09:14', 'task-simulation-47c6bf940c86b16a-exec-4'), ('09:17', 'task-simulation-47c6bf940c86b16a-exec-1'), ('09:17', 'task-simulation-47c6bf940c86b16a-exec-2'), ('09:18', 'task-simulation-47c6bf940c86b16a-exec-3'), ('09:18', 'task-simulation-47c6bf940c86b16a-exec-4'), ('09:21', 'task-simulation-47c6bf940c86b16a-exec-1'), ('09:22', 'task-simulation-47c6bf940c86b16a-exec-2'), ('09:22', 'task-simulation-47c6bf940c86b16a-exec-3'), ('09:22', 'task-simulation-47c6bf940c86b16a-exec-4')]"
76,2024-12-28 09:09:13.323946,2024-12-28 09:10:04.121648,624.8693333333331,"[('09:34', 'task-simulation-18231e940c8711d4-exec-1'), ('09:34', 'task-simulation-18231e940c8711d4-exec-3'), ('09:36', 'task-simulation-18231e940c8711d4-exec-1'), ('09:36', 'task-simulation-18231e940c8711d4-exec-2'), ('09:36', 'task-simulation-18231e940c8711d4-exec-3'), ('09:36', 'task-simulation-18231e940c8711d4-exec-4'), ('09:36', 'task-simulation-18231e940c8711d4-exec-5'), ('09:37', 'task-simulation-18231e940c8711d4-exec-6'), ('09:38', 'task-simulation-18231e940c8711d4-exec-1'), ('09:38', 'task-simulation-18231e940c8711d4-exec-2'), ('09:39', 'task-simulation-18231e940c8711d4-exec-3'), ('09:39', 'task-simulation-18231e940c8711d4-exec-4'), ('09:39', 'task-simulation-18231e940c8711d4-exec-5'), ('09:39', 'task-simulation-18231e940c8711d4-exec-6'), ('09:41', 'task-simulation-18231e940c8711d4-exec-1'), ('09:41', 'task-simulation-18231e940c8711d4-exec-2'), ('09:42', 'task-simulation-18231e940c8711d4-exec-3'), ('09:42', 'task-simulation-18231e940c8711d4-exec-4'), ('09:42', 'task-simulation-18231e940c8711d4-exec-5'), ('09:42', 'task-simulation-18231e940c8711d4-exec-6'), ('09:44', 'task-simulation-18231e940c8711d4-exec-1'), ('09:44', 'task-simulation-18231e940c8711d4-exec-2'), ('09:44', 'task-simulation-18231e940c8711d4-exec-3'), ('09:45', 'task-simulation-18231e940c8711d4-exec-4'), ('09:45', 'task-simulation-18231e940c8711d4-exec-5'), ('09:45', 'task-simulation-18231e940c8711d4-exec-6'), ('09:47', 'task-simulation-18231e940c8711d4-exec-1'), ('09:47', 'task-simulation-18231e940c8711d4-exec-2'), ('09:47', 'task-simulation-18231e940c8711d4-exec-3'), ('09:47', 'task-simulation-18231e940c8711d4-exec-4'), ('09:47', 'task-simulation-18231e940c8711d4-exec-5'), ('09:48', 'task-simulation-18231e940c8711d4-exec-6'), ('09:49', 'task-simulation-18231e940c8711d4-exec-1'), ('09:49', 'task-simulation-18231e940c8711d4-exec-2'), ('09:50', 'task-simulation-18231e940c8711d4-exec-3'), ('09:50', 'task-simulation-18231e940c8711d4-exec-4'), ('09:50', 'task-simulation-18231e940c8711d4-exec-5'), ('09:51', 'task-simulation-18231e940c8711d4-exec-6'), ('09:52', 'task-simulation-18231e940c8711d4-exec-1'), ('09:52', 'task-simulation-18231e940c8711d4-exec-2'), ('09:53', 'task-simulation-18231e940c8711d4-exec-3'), ('09:53', 'task-simulation-18231e940c8711d4-exec-4'), ('09:53', 'task-simulation-18231e940c8711d4-exec-5'), ('09:53', 'task-simulation-18231e940c8711d4-exec-6'), ('09:55', 'task-simulation-18231e940c8711d4-exec-1'), ('09:55', 'task-simulation-18231e940c8711d4-exec-2'), ('09:56', 'task-simulation-18231e940c8711d4-exec-3'), ('09:56', 'task-simulation-18231e940c8711d4-exec-4'), ('09:56', 'task-simulation-18231e940c8711d4-exec-5'), ('09:57', 'task-simulation-18231e940c8711d4-exec-6'), ('09:59', 'task-simulation-18231e940c8711d4-exec-6')]"
77,2024-12-28 09:09:35.537909,2024-12-28 09:10:05.307596,24.266666666666666,"[('09:57', 'task-simulation-e000b3940c8769f6-exec-1'), ('09:59', 'task-simulation-e000b3940c8769f6-exec-1')]"
78,2024-12-28 09:09:49.224948,2024-12-28 09:10:26.678794,351.8666666666665,"[('10:09', 'task-simulation-3bf533940c879db1-exec-1'), ('10:10', 'task-simulation-3bf533940c879db1-exec-1'), ('10:11', 'task-simulation-3bf533940c879db1-exec-2'), ('10:11', 'task-simulation-3bf533940c879db1-exec-3'), ('10:11', 'task-simulation-3bf533940c879db1-exec-6'), ('10:13', 'task-simulation-3bf533940c879db1-exec-1'), ('10:13', 'task-simulation-3bf533940c879db1-exec-2'), ('10:13', 'task-simulation-3bf533940c879db1-exec-3'), ('10:13', 'task-simulation-3bf533940c879db1-exec-4'), ('10:14', 'task-simulation-3bf533940c879db1-exec-5'), ('10:14', 'task-simulation-3bf533940c879db1-exec-6'), ('10:15', 'task-simulation-3bf533940c879db1-exec-1'), ('10:15', 'task-simulation-3bf533940c879db1-exec-2'), ('10:16', 'task-simulation-3bf533940c879db1-exec-3'), ('10:16', 'task-simulation-3bf533940c879db1-exec-4'), ('10:16', 'task-simulation-3bf533940c879db1-exec-5'), ('10:16', 'task-simulation-3bf533940c879db1-exec-6'), ('10:18', 'task-simulation-3bf533940c879db1-exec-1'), ('10:18', 'task-simulation-3bf533940c879db1-exec-2'), ('10:18', 'task-simulation-3bf533940c879db1-exec-3'), ('10:18', 'task-simulation-3bf533940c879db1-exec-4'), ('10:19', 'task-simulation-3bf533940c879db1-exec-5'), ('10:19', 'task-simulation-3bf533940c879db1-exec-6'), ('10:20', 'task-simulation-3bf533940c879db1-exec-1'), ('10:21', 'task-simulation-3bf533940c879db1-exec-2'), ('10:21', 'task-simulation-3bf533940c879db1-exec-3'), ('10:21', 'task-simulation-3bf533940c879db1-exec-4'), ('10:21', 'task-simulation-3bf533940c879db1-exec-5'), ('10:22', 'task-simulation-3bf533940c879db1-exec-6')]"
80,2024-12-28 09:10:25.466929,2024-12-28 09:11:02.453770,326.886,"[('10:45', 'task-simulation-5b8dca940c882834-exec-1'), ('10:46', 'task-simulation-5b8dca940c882834-exec-2'), ('10:46', 'task-simulation-5b8dca940c882834-exec-3'), ('10:47', 'task-simulation-5b8dca940c882834-exec-1'), ('10:48', 'task-simulation-5b8dca940c882834-exec-2'), ('10:48', 'task-simulation-5b8dca940c882834-exec-3'), ('10:48', 'task-simulation-5b8dca940c882834-exec-4'), ('10:48', 'task-simulation-5b8dca940c882834-exec-5'), ('10:48', 'task-simulation-5b8dca940c882834-exec-6'), ('10:50', 'task-simulation-5b8dca940c882834-exec-1'), ('10:50', 'task-simulation-5b8dca940c882834-exec-2'), ('10:50', 'task-simulation-5b8dca940c882834-exec-3'), ('10:51', 'task-simulation-5b8dca940c882834-exec-4'), ('10:51', 'task-simulation-5b8dca940c882834-exec-5'), ('10:51', 'task-simulation-5b8dca940c882834-exec-6'), ('10:53', 'task-simulation-5b8dca940c882834-exec-1'), ('10:53', 'task-simulation-5b8dca940c882834-exec-2'), ('10:53', 'task-simulation-5b8dca940c882834-exec-3'), ('10:53', 'task-simulation-5b8dca940c882834-exec-4'), ('10:54', 'task-simulation-5b8dca940c882834-exec-5'), ('10:54', 'task-simulation-5b8dca940c882834-exec-6'), ('10:55', 'task-simulation-5b8dca940c882834-exec-1'), ('10:56', 'task-simulation-5b8dca940c882834-exec-2'), ('10:56', 'task-simulation-5b8dca940c882834-exec-3'), ('10:56', 'task-simulation-5b8dca940c882834-exec-4'), ('10:56', 'task-simulation-5b8dca940c882834-exec-5'), ('10:57', 'task-simulation-5b8dca940c882834-exec-6')]"
81,2024-12-28 09:10:40.263076,2024-12-28 09:11:07.481038,48.397333333333336,"[('10:58', 'task-simulation-488ab6940c88624d-exec-1'), ('10:59', 'task-simulation-488ab6940c88624d-exec-1'), ('11:01', 'task-simulation-488ab6940c88624d-exec-1'), ('11:02', 'task-simulation-488ab6940c88624d-exec-1')]"
83,2024-12-28 09:12:32.234338,2024-12-28 09:12:59.690961,36.1065,"[('12:50', 'task-simulation-764987940c8a180a-exec-1'), ('12:52', 'task-simulation-764987940c8a180a-exec-1'), ('12:53', 'task-simulation-764987940c8a180a-exec-1')]"
84,2024-12-28 09:13:53.993558,2024-12-28 09:14:30.964496,330.921,"[('14:13', 'task-simulation-7fb582940c8b5997-exec-1'), ('14:15', 'task-simulation-7fb582940c8b5997-exec-1'), ('14:15', 'task-simulation-7fb582940c8b5997-exec-2'), ('14:17', 'task-simulation-7fb582940c8b5997-exec-1'), ('14:17', 'task-simulation-7fb582940c8b5997-exec-2'), ('14:17', 'task-simulation-7fb582940c8b5997-exec-3'), ('14:18', 'task-simulation-7fb582940c8b5997-exec-4'), ('14:18', 'task-simulation-7fb582940c8b5997-exec-5'), ('14:18', 'task-simulation-7fb582940c8b5997-exec-6'), ('14:20', 'task-simulation-7fb582940c8b5997-exec-1'), ('14:20', 'task-simulation-7fb582940c8b5997-exec-2'), ('14:20', 'task-simulation-7fb582940c8b5997-exec-3'), ('14:20', 'task-simulation-7fb582940c8b5997-exec-4'), ('14:20', 'task-simulation-7fb582940c8b5997-exec-5'), ('14:21', 'task-simulation-7fb582940c8b5997-exec-6'), ('14:22', 'task-simulation-7fb582940c8b5997-exec-1'), ('14:22', 'task-simulation-7fb582940c8b5997-exec-2'), ('14:23', 'task-simulation-7fb582940c8b5997-exec-3'), ('14:23', 'task-simulation-7fb582940c8b5997-exec-4'), ('14:23', 'task-simulation-7fb582940c8b5997-exec-5'), ('14:23', 'task-simulation-7fb582940c8b5997-exec-6'), ('14:25', 'task-simulation-7fb582940c8b5997-exec-1'), ('14:25', 'task-simulation-7fb582940c8b5997-exec-2'), ('14:25', 'task-simulation-7fb582940c8b5997-exec-3'), ('14:26', 'task-simulation-7fb582940c8b5997-exec-4'), ('14:26', 'task-simulation-7fb582940c8b5997-exec-5'), ('14:26', 'task-simulation-7fb582940c8b5997-exec-6')]"
85,2024-12-28 09:14:05.122995,2024-12-28 09:15:10.173218,997.876333333335,"[('14:26', 'task-simulation-f4e4e3940c8b8246-exec-1'), ('14:27', 'task-simulation-f4e4e3940c8b8246-exec-2'), ('14:27', 'task-simulation-f4e4e3940c8b8246-exec-3'), ('14:28', 'task-simulation-f4e4e3940c8b8246-exec-1'), ('14:28', 'task-simulation-f4e4e3940c8b8246-exec-2'), ('14:29', 'task-simulation-f4e4e3940c8b8246-exec-3'), ('14:29', 'task-simulation-f4e4e3940c8b8246-exec-4'), ('14:29', 'task-simulation-f4e4e3940c8b8246-exec-5'), ('14:29', 'task-simulation-f4e4e3940c8b8246-exec-6'), ('14:32', 'task-simulation-f4e4e3940c8b8246-exec-1'), ('14:32', 'task-simulation-f4e4e3940c8b8246-exec-2'), ('14:32', 'task-simulation-f4e4e3940c8b8246-exec-3'), ('14:32', 'task-simulation-f4e4e3940c8b8246-exec-4'), ('14:33', 'task-simulation-f4e4e3940c8b8246-exec-5'), ('14:33', 'task-simulation-f4e4e3940c8b8246-exec-6'), ('14:36', 'task-simulation-f4e4e3940c8b8246-exec-1'), ('14:36', 'task-simulation-f4e4e3940c8b8246-exec-2'), ('14:36', 'task-simulation-f4e4e3940c8b8246-exec-3'), ('14:37', 'task-simulation-f4e4e3940c8b8246-exec-4'), ('14:37', 'task-simulation-f4e4e3940c8b8246-exec-5'), ('14:37', 'task-simulation-f4e4e3940c8b8246-exec-6'), ('14:40', 'task-simulation-f4e4e3940c8b8246-exec-1'), ('14:40', 'task-simulation-f4e4e3940c8b8246-exec-2'), ('14:40', 'task-simulation-f4e4e3940c8b8246-exec-3'), ('14:41', 'task-simulation-f4e4e3940c8b8246-exec-4'), ('14:41', 'task-simulation-f4e4e3940c8b8246-exec-5'), ('14:41', 'task-simulation-f4e4e3940c8b8246-exec-6'), ('14:43', 'task-simulation-f4e4e3940c8b8246-exec-1'), ('14:43', 'task-simulation-f4e4e3940c8b8246-exec-2'), ('14:43', 'task-simulation-f4e4e3940c8b8246-exec-3'), ('14:43', 'task-simulation-f4e4e3940c8b8246-exec-4'), ('14:44', 'task-simulation-f4e4e3940c8b8246-exec-5'), ('14:44', 'task-simulation-f4e4e3940c8b8246-exec-6'), ('14:45', 'task-simulation-f4e4e3940c8b8246-exec-1'), ('14:45', 'task-simulation-f4e4e3940c8b8246-exec-2'), ('14:46', 'task-simulation-f4e4e3940c8b8246-exec-3'), ('14:46', 'task-simulation-f4e4e3940c8b8246-exec-4'), ('14:46', 'task-simulation-f4e4e3940c8b8246-exec-5'), ('14:46', 'task-simulation-f4e4e3940c8b8246-exec-6'), ('14:48', 'task-simulation-f4e4e3940c8b8246-exec-1'), ('14:48', 'task-simulation-f4e4e3940c8b8246-exec-2'), ('14:48', 'task-simulation-f4e4e3940c8b8246-exec-3'), ('14:48', 'task-simulation-f4e4e3940c8b8246-exec-4'), ('14:49', 'task-simulation-f4e4e3940c8b8246-exec-5'), ('14:49', 'task-simulation-f4e4e3940c8b8246-exec-6'), ('14:50', 'task-simulation-f4e4e3940c8b8246-exec-1'), ('14:51', 'task-simulation-f4e4e3940c8b8246-exec-2'), ('14:51', 'task-simulation-f4e4e3940c8b8246-exec-3'), ('14:51', 'task-simulation-f4e4e3940c8b8246-exec-4'), ('14:51', 'task-simulation-f4e4e3940c8b8246-exec-5'), ('14:51', 'task-simulation-f4e4e3940c8b8246-exec-6'), ('14:53', 'task-simulation-f4e4e3940c8b8246-exec-1'), ('14:53', 'task-simulation-f4e4e3940c8b8246-exec-2'), ('14:53', 'task-simulation-f4e4e3940c8b8246-exec-3'), ('14:54', 'task-simulation-f4e4e3940c8b8246-exec-4'), ('14:54', 'task-simulation-f4e4e3940c8b8246-exec-5'), ('14:54', 'task-simulation-f4e4e3940c8b8246-exec-6'), ('14:55', 'task-simulation-f4e4e3940c8b8246-exec-1'), ('14:56', 'task-simulation-f4e4e3940c8b8246-exec-2'), ('14:56', 'task-simulation-f4e4e3940c8b8246-exec-3'), ('14:56', 'task-simulation-f4e4e3940c8b8246-exec-4'), ('14:56', 'task-simulation-f4e4e3940c8b8246-exec-5'), ('14:57', 'task-simulation-f4e4e3940c8b8246-exec-6'), ('14:58', 'task-simulation-f4e4e3940c8b8246-exec-1'), ('14:58', 'task-simulation-f4e4e3940c8b8246-exec-2'), ('14:59', 'task-simulation-f4e4e3940c8b8246-exec-3'), ('14:59', 'task-simulation-f4e4e3940c8b8246-exec-4'), ('14:59', 'task-simulation-f4e4e3940c8b8246-exec-5'), ('15:00', 'task-simulation-f4e4e3940c8b8246-exec-6'), ('15:01', 'task-simulation-f4e4e3940c8b8246-exec-1'), ('15:02', 'task-simulation-f4e4e3940c8b8246-exec-2'), ('15:02', 'task-simulation-f4e4e3940c8b8246-exec-3'), ('15:03', 'task-simulation-f4e4e3940c8b8246-exec-4'), ('15:03', 'task-simulation-f4e4e3940c8b8246-exec-5'), ('15:03', 'task-simulation-f4e4e3940c8b8246-exec-6'), ('15:05', 'task-simulation-f4e4e3940c8b8246-exec-1'), ('15:05', 'task-simulation-f4e4e3940c8b8246-exec-2'), ('15:05', 'task-simulation-f4e4e3940c8b8246-exec-3'), ('15:06', 'task-simulation-f4e4e3940c8b8246-exec-4'), ('15:06', 'task-simulation-f4e4e3940c8b8246-exec-5'), ('15:06', 'task-simulation-f4e4e3940c8b8246-exec-6')]"
86,2024-12-28 09:14:10.263519,2024-12-28 09:14:45.250865,171.58866666666668,"[('14:31', 'task-simulation-ba6ba1940c8b9731-exec-1'), ('14:31', 'task-simulation-ba6ba1940c8b9731-exec-2'), ('14:31', 'task-simulation-ba6ba1940c8b9731-exec-3'), ('14:31', 'task-simulation-ba6ba1940c8b9731-exec-5'), ('14:34', 'task-simulation-ba6ba1940c8b9731-exec-1'), ('14:35', 'task-simulation-ba6ba1940c8b9731-exec-2'), ('14:35', 'task-simulation-ba6ba1940c8b9731-exec-3'), ('14:35', 'task-simulation-ba6ba1940c8b9731-exec-4'), ('14:35', 'task-simulation-ba6ba1940c8b9731-exec-5'), ('14:36', 'task-simulation-ba6ba1940c8b9731-exec-6'), ('14:38', 'task-simulation-ba6ba1940c8b9731-exec-1'), ('14:39', 'task-simulation-ba6ba1940c8b9731-exec-2'), ('14:39', 'task-simulation-ba6ba1940c8b9731-exec-3'), ('14:40', 'task-simulation-ba6ba1940c8b9731-exec-5')]"
88,2024-12-28 09:14:58.082771,2024-12-28 09:15:26.798805,37.152499999999996,"[('15:19', 'task-simulation-57587b940c8c586e-exec-1'), ('15:20', 'task-simulation-57587b940c8c586e-exec-1'), ('15:22', 'task-simulation-57587b940c8c586e-exec-1')]"
89,2024-12-28 09:15:08.944983,2024-12-28 09:15:45.552005,136.2258333333333,"[('15:27', 'task-simulation-2e3c6d940c8c79c1-exec-1'), ('15:28', 'task-simulation-2e3c6d940c8c79c1-exec-1'), ('15:30', 'task-simulation-2e3c6d940c8c79c1-exec-1'), ('15:31', 'task-simulation-2e3c6d940c8c79c1-exec-1'), ('15:33', 'task-simulation-2e3c6d940c8c79c1-exec-1'), ('15:34', 'task-simulation-2e3c6d940c8c79c1-exec-1'), ('15:36', 'task-simulation-2e3c6d940c8c79c1-exec-1'), ('15:37', 'task-simulation-2e3c6d940c8c79c1-exec-1'), ('15:39', 'task-simulation-2e3c6d940c8c79c1-exec-1'), ('15:40', 'task-simulation-2e3c6d940c8c79c1-exec-1'), ('15:42', 'task-simulation-2e3c6d940c8c79c1-exec-1')]"
90,2024-12-28 09:15:28.233250,2024-12-28 09:16:23.062025,831.5591666666659,"[('15:46', 'task-simulation-025250940c8cc62f-exec-1'), ('15:47', 'task-simulation-025250940c8cc62f-exec-1'), ('15:49', 'task-simulation-025250940c8cc62f-exec-1'), ('15:50', 'task-simulation-025250940c8cc62f-exec-2'), ('15:50', 'task-simulation-025250940c8cc62f-exec-3'), ('15:50', 'task-simulation-025250940c8cc62f-exec-4'), ('15:51', 'task-simulation-025250940c8cc62f-exec-5'), ('15:52', 'task-simulation-025250940c8cc62f-exec-1'), ('15:52', 'task-simulation-025250940c8cc62f-exec-2'), ('15:53', 'task-simulation-025250940c8cc62f-exec-3'), ('15:53', 'task-simulation-025250940c8cc62f-exec-4'), ('15:53', 'task-simulation-025250940c8cc62f-exec-5'), ('15:53', 'task-simulation-025250940c8cc62f-exec-6'), ('15:55', 'task-simulation-025250940c8cc62f-exec-1'), ('15:55', 'task-simulation-025250940c8cc62f-exec-2'), ('15:55', 'task-simulation-025250940c8cc62f-exec-3'), ('15:55', 'task-simulation-025250940c8cc62f-exec-4'), ('15:56', 'task-simulation-025250940c8cc62f-exec-5'), ('15:56', 'task-simulation-025250940c8cc62f-exec-6'), ('15:57', 'task-simulation-025250940c8cc62f-exec-1'), ('15:58', 'task-simulation-025250940c8cc62f-exec-2'), ('15:58', 'task-simulation-025250940c8cc62f-exec-3'), ('15:58', 'task-simulation-025250940c8cc62f-exec-4'), ('15:58', 'task-simulation-025250940c8cc62f-exec-5'), ('15:58', 'task-simulation-025250940c8cc62f-exec-6'), ('16:00', 'task-simulation-025250940c8cc62f-exec-1'), ('16:00', 'task-simulation-025250940c8cc62f-exec-2'), ('16:00', 'task-simulation-025250940c8cc62f-exec-3'), ('16:01', 'task-simulation-025250940c8cc62f-exec-4'), ('16:01', 'task-simulation-025250940c8cc62f-exec-5'), ('16:01', 'task-simulation-025250940c8cc62f-exec-6'), ('16:03', 'task-simulation-025250940c8cc62f-exec-1'), ('16:03', 'task-simulation-025250940c8cc62f-exec-2'), ('16:03', 'task-simulation-025250940c8cc62f-exec-3'), ('16:03', 'task-simulation-025250940c8cc62f-exec-4'), ('16:03', 'task-simulation-025250940c8cc62f-exec-5'), ('16:04', 'task-simulation-025250940c8cc62f-exec-6'), ('16:05', 'task-simulation-025250940c8cc62f-exec-1'), ('16:06', 'task-simulation-025250940c8cc62f-exec-2'), ('16:06', 'task-simulation-025250940c8cc62f-exec-3'), ('16:06', 'task-simulation-025250940c8cc62f-exec-4'), ('16:06', 'task-simulation-025250940c8cc62f-exec-5'), ('16:07', 'task-simulation-025250940c8cc62f-exec-6'), ('16:08', 'task-simulation-025250940c8cc62f-exec-1'), ('16:08', 'task-simulation-025250940c8cc62f-exec-2'), ('16:09', 'task-simulation-025250940c8cc62f-exec-3'), ('16:09', 'task-simulation-025250940c8cc62f-exec-4'), ('16:09', 'task-simulation-025250940c8cc62f-exec-5'), ('16:09', 'task-simulation-025250940c8cc62f-exec-6'), ('16:11', 'task-simulation-025250940c8cc62f-exec-1'), ('16:11', 'task-simulation-025250940c8cc62f-exec-2'), ('16:12', 'task-simulation-025250940c8cc62f-exec-3'), ('16:12', 'task-simulation-025250940c8cc62f-exec-4'), ('16:12', 'task-simulation-025250940c8cc62f-exec-5'), ('16:12', 'task-simulation-025250940c8cc62f-exec-6'), ('16:14', 'task-simulation-025250940c8cc62f-exec-1'), ('16:14', 'task-simulation-025250940c8cc62f-exec-2'), ('16:14', 'task-simulation-025250940c8cc62f-exec-3'), ('16:15', 'task-simulation-025250940c8cc62f-exec-4'), ('16:15', 'task-simulation-025250940c8cc62f-exec-5'), ('16:15', 'task-simulation-025250940c8cc62f-exec-6'), ('16:17', 'task-simulation-025250940c8cc62f-exec-1'), ('16:17', 'task-simulation-025250940c8cc62f-exec-2'), ('16:17', 'task-simulation-025250940c8cc62f-exec-3'), ('16:17', 'task-simulation-025250940c8cc62f-exec-4'), ('16:18', 'task-simulation-025250940c8cc62f-exec-5'), ('16:18', 'task-simulation-025250940c8cc62f-exec-6')]"
91,2024-12-28 09:15:43.079219,2024-12-28 09:16:13.934749,24.824333333333335,"[('16:04', 'task-simulation-9f4904940c8d05e0-exec-1'), ('16:07', 'task-simulation-9f4904940c8d05e0-exec-1')]"
92,2024-12-28 09:16:25.567817,2024-12-28 09:17:30.937080,768.9865000000004,"[('16:45', 'task-simulation-f68b5a940c8daa08-exec-1'), ('16:46', 'task-simulation-f68b5a940c8daa08-exec-1'), ('16:46', 'task-simulation-f68b5a940c8daa08-exec-2'), ('16:47', 'task-simulation-f68b5a940c8daa08-exec-3'), ('16:48', 'task-simulation-f68b5a940c8daa08-exec-1'), ('16:48', 'task-simulation-f68b5a940c8daa08-exec-2'), ('16:49', 'task-simulation-f68b5a940c8daa08-exec-3'), ('16:49', 'task-simulation-f68b5a940c8daa08-exec-4'), ('16:49', 'task-simulation-f68b5a940c8daa08-exec-5'), ('16:50', 'task-simulation-f68b5a940c8daa08-exec-6'), ('16:52', 'task-simulation-f68b5a940c8daa08-exec-1'), ('16:53', 'task-simulation-f68b5a940c8daa08-exec-2'), ('16:53', 'task-simulation-f68b5a940c8daa08-exec-3'), ('16:53', 'task-simulation-f68b5a940c8daa08-exec-4'), ('16:53', 'task-simulation-f68b5a940c8daa08-exec-5'), ('16:54', 'task-simulation-f68b5a940c8daa08-exec-6'), ('16:56', 'task-simulation-f68b5a940c8daa08-exec-1'), ('16:57', 'task-simulation-f68b5a940c8daa08-exec-2'), ('16:57', 'task-simulation-f68b5a940c8daa08-exec-3'), ('16:57', 'task-simulation-f68b5a940c8daa08-exec-4'), ('16:57', 'task-simulation-f68b5a940c8daa08-exec-5'), ('16:58', 'task-simulation-f68b5a940c8daa08-exec-6'), ('17:00', 'task-simulation-f68b5a940c8daa08-exec-1'), ('17:01', 'task-simulation-f68b5a940c8daa08-exec-2'), ('17:01', 'task-simulation-f68b5a940c8daa08-exec-3'), ('17:01', 'task-simulation-f68b5a940c8daa08-exec-4'), ('17:01', 'task-simulation-f68b5a940c8daa08-exec-5'), ('17:02', 'task-simulation-f68b5a940c8daa08-exec-6'), ('17:04', 'task-simulation-f68b5a940c8daa08-exec-1'), ('17:05', 'task-simulation-f68b5a940c8daa08-exec-2'), ('17:05', 'task-simulation-f68b5a940c8daa08-exec-3'), ('17:05', 'task-simulation-f68b5a940c8daa08-exec-4'), ('17:05', 'task-simulation-f68b5a940c8daa08-exec-5'), ('17:06', 'task-simulation-f68b5a940c8daa08-exec-6'), ('17:08', 'task-simulation-f68b5a940c8daa08-exec-1'), ('17:09', 'task-simulation-f68b5a940c8daa08-exec-2'), ('17:09', 'task-simulation-f68b5a940c8daa08-exec-3'), ('17:09', 'task-simulation-f68b5a940c8daa08-exec-4'), ('17:09', 'task-simulation-f68b5a940c8daa08-exec-5'), ('17:10', 'task-simulation-f68b5a940c8daa08-exec-6'), ('17:13', 'task-simulation-f68b5a940c8daa08-exec-1'), ('17:13', 'task-simulation-f68b5a940c8daa08-exec-2'), ('17:13', 'task-simulation-f68b5a940c8daa08-exec-3'), ('17:13', 'task-simulation-f68b5a940c8daa08-exec-4'), ('17:14', 'task-simulation-f68b5a940c8daa08-exec-5'), ('17:14', 'task-simulation-f68b5a940c8daa08-exec-6'), ('17:17', 'task-simulation-f68b5a940c8daa08-exec-1'), ('17:17', 'task-simulation-f68b5a940c8daa08-exec-2'), ('17:17', 'task-simulation-f68b5a940c8daa08-exec-3'), ('17:17', 'task-simulation-f68b5a940c8daa08-exec-4'), ('17:18', 'task-simulation-f68b5a940c8daa08-exec-5'), ('17:18', 'task-simulation-f68b5a940c8daa08-exec-6'), ('17:21', 'task-simulation-f68b5a940c8daa08-exec-1'), ('17:21', 'task-simulation-f68b5a940c8daa08-exec-2'), ('17:21', 'task-simulation-f68b5a940c8daa08-exec-3'), ('17:22', 'task-simulation-f68b5a940c8daa08-exec-4'), ('17:22', 'task-simulation-f68b5a940c8daa08-exec-5'), ('17:22', 'task-simulation-f68b5a940c8daa08-exec-6'), ('17:25', 'task-simulation-f68b5a940c8daa08-exec-1'), ('17:26', 'task-simulation-f68b5a940c8daa08-exec-2'), ('17:26', 'task-simulation-f68b5a940c8daa08-exec-3'), ('17:26', 'task-simulation-f68b5a940c8daa08-exec-4'), ('17:27', 'task-simulation-f68b5a940c8daa08-exec-5')]"
93,2024-12-28 09:16:26.794060,2024-12-28 09:17:37.229936,816.8751666666673,"[('16:48', 'task-simulation-215c7e940c8db288-exec-1'), ('16:51', 'task-simulation-215c7e940c8db288-exec-1'), ('16:51', 'task-simulation-215c7e940c8db288-exec-2'), ('16:52', 'task-simulation-215c7e940c8db288-exec-3'), ('16:52', 'task-simulation-215c7e940c8db288-exec-4'), ('16:52', 'task-simulation-215c7e940c8db288-exec-5'), ('16:52', 'task-simulation-215c7e940c8db288-exec-6'), ('16:55', 'task-simulation-215c7e940c8db288-exec-1'), ('16:55', 'task-simulation-215c7e940c8db288-exec-2'), ('16:56', 'task-simulation-215c7e940c8db288-exec-3'), ('16:56', 'task-simulation-215c7e940c8db288-exec-4'), ('16:56', 'task-simulation-215c7e940c8db288-exec-5'), ('16:56', 'task-simulation-215c7e940c8db288-exec-6'), ('16:59', 'task-simulation-215c7e940c8db288-exec-1'), ('16:59', 'task-simulation-215c7e940c8db288-exec-2'), ('17:00', 'task-simulation-215c7e940c8db288-exec-3'), ('17:00', 'task-simulation-215c7e940c8db288-exec-4'), ('17:00', 'task-simulation-215c7e940c8db288-exec-5'), ('17:00', 'task-simulation-215c7e940c8db288-exec-6'), ('17:03', 'task-simulation-215c7e940c8db288-exec-1'), ('17:03', 'task-simulation-215c7e940c8db288-exec-2'), ('17:03', 'task-simulation-215c7e940c8db288-exec-3'), ('17:04', 'task-simulation-215c7e940c8db288-exec-4'), ('17:04', 'task-simulation-215c7e940c8db288-exec-5'), ('17:04', 'task-simulation-215c7e940c8db288-exec-6'), ('17:07', 'task-simulation-215c7e940c8db288-exec-1'), ('17:07', 'task-simulation-215c7e940c8db288-exec-2'), ('17:08', 'task-simulation-215c7e940c8db288-exec-3'), ('17:08', 'task-simulation-215c7e940c8db288-exec-4'), ('17:08', 'task-simulation-215c7e940c8db288-exec-5'), ('17:08', 'task-simulation-215c7e940c8db288-exec-6'), ('17:11', 'task-simulation-215c7e940c8db288-exec-1'), ('17:11', 'task-simulation-215c7e940c8db288-exec-2'), ('17:12', 'task-simulation-215c7e940c8db288-exec-3'), ('17:12', 'task-simulation-215c7e940c8db288-exec-4'), ('17:12', 'task-simulation-215c7e940c8db288-exec-5'), ('17:12', 'task-simulation-215c7e940c8db288-exec-6'), ('17:15', 'task-simulation-215c7e940c8db288-exec-1'), ('17:16', 'task-simulation-215c7e940c8db288-exec-2'), ('17:16', 'task-simulation-215c7e940c8db288-exec-3'), ('17:16', 'task-simulation-215c7e940c8db288-exec-4'), ('17:16', 'task-simulation-215c7e940c8db288-exec-5'), ('17:17', 'task-simulation-215c7e940c8db288-exec-6'), ('17:19', 'task-simulation-215c7e940c8db288-exec-1'), ('17:20', 'task-simulation-215c7e940c8db288-exec-2'), ('17:20', 'task-simulation-215c7e940c8db288-exec-3'), ('17:20', 'task-simulation-215c7e940c8db288-exec-4'), ('17:20', 'task-simulation-215c7e940c8db288-exec-5'), ('17:21', 'task-simulation-215c7e940c8db288-exec-6'), ('17:24', 'task-simulation-215c7e940c8db288-exec-1'), ('17:24', 'task-simulation-215c7e940c8db288-exec-2'), ('17:24', 'task-simulation-215c7e940c8db288-exec-3'), ('17:25', 'task-simulation-215c7e940c8db288-exec-4'), ('17:25', 'task-simulation-215c7e940c8db288-exec-5'), ('17:25', 'task-simulation-215c7e940c8db288-exec-6'), ('17:28', 'task-simulation-215c7e940c8db288-exec-1'), ('17:29', 'task-simulation-215c7e940c8db288-exec-2'), ('17:29', 'task-simulation-215c7e940c8db288-exec-3'), ('17:29', 'task-simulation-215c7e940c8db288-exec-4'), ('17:29', 'task-simulation-215c7e940c8db288-exec-5'), ('17:29', 'task-simulation-215c7e940c8db288-exec-6'), ('17:31', 'task-simulation-215c7e940c8db288-exec-1'), ('17:31', 'task-simulation-215c7e940c8db288-exec-2'), ('17:31', 'task-simulation-215c7e940c8db288-exec-3'), ('17:32', 'task-simulation-215c7e940c8db288-exec-4'), ('17:32', 'task-simulation-215c7e940c8db288-exec-5'), ('17:32', 'task-simulation-215c7e940c8db288-exec-6')]"
94,2024-12-28 09:17:19.364665,2024-12-28 09:19:13.531333,2231.6016666666737,"[('17:41', 'task-simulation-152a32940c8e833d-exec-1'), ('17:43', 'task-simulation-152a32940c8e833d-exec-1'), ('17:43', 'task-simulation-152a32940c8e833d-exec-2'), ('17:43', 'task-simulation-152a32940c8e833d-exec-3'), ('17:45', 'task-simulation-152a32940c8e833d-exec-1'), ('17:45', 'task-simulation-152a32940c8e833d-exec-2'), ('17:45', 'task-simulation-152a32940c8e833d-exec-3'), ('17:45', 'task-simulation-152a32940c8e833d-exec-4'), ('17:46', 'task-simulation-152a32940c8e833d-exec-5'), ('17:46', 'task-simulation-152a32940c8e833d-exec-6'), ('17:47', 'task-simulation-152a32940c8e833d-exec-1'), ('17:48', 'task-simulation-152a32940c8e833d-exec-2'), ('17:48', 'task-simulation-152a32940c8e833d-exec-3'), ('17:48', 'task-simulation-152a32940c8e833d-exec-4'), ('17:48', 'task-simulation-152a32940c8e833d-exec-5'), ('17:48', 'task-simulation-152a32940c8e833d-exec-6'), ('17:50', 'task-simulation-152a32940c8e833d-exec-1'), ('17:50', 'task-simulation-152a32940c8e833d-exec-2'), ('17:50', 'task-simulation-152a32940c8e833d-exec-3'), ('17:51', 'task-simulation-152a32940c8e833d-exec-4'), ('17:51', 'task-simulation-152a32940c8e833d-exec-5'), ('17:51', 'task-simulation-152a32940c8e833d-exec-6'), ('17:53', 'task-simulation-152a32940c8e833d-exec-1'), ('17:53', 'task-simulation-152a32940c8e833d-exec-2'), ('17:53', 'task-simulation-152a32940c8e833d-exec-3'), ('17:53', 'task-simulation-152a32940c8e833d-exec-4'), ('17:53', 'task-simulation-152a32940c8e833d-exec-5'), ('17:54', 'task-simulation-152a32940c8e833d-exec-6'), ('17:55', 'task-simulation-152a32940c8e833d-exec-1'), ('17:55', 'task-simulation-152a32940c8e833d-exec-2'), ('17:56', 'task-simulation-152a32940c8e833d-exec-3'), ('17:56', 'task-simulation-152a32940c8e833d-exec-4'), ('17:56', 'task-simulation-152a32940c8e833d-exec-5'), ('17:56', 'task-simulation-152a32940c8e833d-exec-6'), ('17:58', 'task-simulation-152a32940c8e833d-exec-1'), ('17:58', 'task-simulation-152a32940c8e833d-exec-2'), ('17:58', 'task-simulation-152a32940c8e833d-exec-3'), ('17:59', 'task-simulation-152a32940c8e833d-exec-4'), ('17:59', 'task-simulation-152a32940c8e833d-exec-5'), ('17:59', 'task-simulation-152a32940c8e833d-exec-6'), ('18:01', 'task-simulation-152a32940c8e833d-exec-1'), ('18:01', 'task-simulation-152a32940c8e833d-exec-2'), ('18:01', 'task-simulation-152a32940c8e833d-exec-3'), ('18:01', 'task-simulation-152a32940c8e833d-exec-4'), ('18:02', 'task-simulation-152a32940c8e833d-exec-5'), ('18:02', 'task-simulation-152a32940c8e833d-exec-6'), ('18:03', 'task-simulation-152a32940c8e833d-exec-1'), ('18:04', 'task-simulation-152a32940c8e833d-exec-2'), ('18:04', 'task-simulation-152a32940c8e833d-exec-3'), ('18:04', 'task-simulation-152a32940c8e833d-exec-4'), ('18:04', 'task-simulation-152a32940c8e833d-exec-5'), ('18:05', 'task-simulation-152a32940c8e833d-exec-6'), ('18:06', 'task-simulation-152a32940c8e833d-exec-1'), ('18:06', 'task-simulation-152a32940c8e833d-exec-2'), ('18:06', 'task-simulation-152a32940c8e833d-exec-3'), ('18:07', 'task-simulation-152a32940c8e833d-exec-4'), ('18:07', 'task-simulation-152a32940c8e833d-exec-5'), ('18:07', 'task-simulation-152a32940c8e833d-exec-6'), ('18:09', 'task-simulation-152a32940c8e833d-exec-1'), ('18:09', 'task-simulation-152a32940c8e833d-exec-2'), ('18:09', 'task-simulation-152a32940c8e833d-exec-3'), ('18:09', 'task-simulation-152a32940c8e833d-exec-4'), ('18:09', 'task-simulation-152a32940c8e833d-exec-5'), ('18:10', 'task-simulation-152a32940c8e833d-exec-6'), ('18:11', 'task-simulation-152a32940c8e833d-exec-1'), ('18:12', 'task-simulation-152a32940c8e833d-exec-2'), ('18:12', 'task-simulation-152a32940c8e833d-exec-3'), ('18:12', 'task-simulation-152a32940c8e833d-exec-4'), ('18:12', 'task-simulation-152a32940c8e833d-exec-5'), ('18:12', 'task-simulation-152a32940c8e833d-exec-6'), ('18:14', 'task-simulation-152a32940c8e833d-exec-1'), ('18:14', 'task-simulation-152a32940c8e833d-exec-2'), ('18:14', 'task-simulation-152a32940c8e833d-exec-3'), ('18:15', 'task-simulation-152a32940c8e833d-exec-4'), ('18:15', 'task-simulation-152a32940c8e833d-exec-5'), ('18:15', 'task-simulation-152a32940c8e833d-exec-6'), ('18:17', 'task-simulation-152a32940c8e833d-exec-1'), ('18:17', 'task-simulation-152a32940c8e833d-exec-2'), ('18:17', 'task-simulation-152a32940c8e833d-exec-3'), ('18:18', 'task-simulation-152a32940c8e833d-exec-4'), ('18:18', 'task-simulation-152a32940c8e833d-exec-5'), ('18:18', 'task-simulation-152a32940c8e833d-exec-6'), ('18:20', 'task-simulation-152a32940c8e833d-exec-1'), ('18:20', 'task-simulation-152a32940c8e833d-exec-2'), ('18:20', 'task-simulation-152a32940c8e833d-exec-3'), ('18:21', 'task-simulation-152a32940c8e833d-exec-4'), ('18:21', 'task-simulation-152a32940c8e833d-exec-5'), ('18:21', 'task-simulation-152a32940c8e833d-exec-6'), ('18:23', 'task-simulation-152a32940c8e833d-exec-1'), ('18:23', 'task-simulation-152a32940c8e833d-exec-2'), ('18:23', 'task-simulation-152a32940c8e833d-exec-3'), ('18:24', 'task-simulation-152a32940c8e833d-exec-4'), ('18:24', 'task-simulation-152a32940c8e833d-exec-5'), ('18:24', 'task-simulation-152a32940c8e833d-exec-6'), ('18:26', 'task-simulation-152a32940c8e833d-exec-1'), ('18:26', 'task-simulation-152a32940c8e833d-exec-2'), ('18:26', 'task-simulation-152a32940c8e833d-exec-3'), ('18:26', 'task-simulation-152a32940c8e833d-exec-4'), ('18:27', 'task-simulation-152a32940c8e833d-exec-5'), ('18:27', 'task-simulation-152a32940c8e833d-exec-6'), ('18:28', 'task-simulation-152a32940c8e833d-exec-1'), ('18:29', 'task-simulation-152a32940c8e833d-exec-2'), ('18:29', 'task-simulation-152a32940c8e833d-exec-3'), ('18:29', 'task-simulation-152a32940c8e833d-exec-4'), ('18:30', 'task-simulation-152a32940c8e833d-exec-5'), ('18:30', 'task-simulation-152a32940c8e833d-exec-6'), ('18:31', 'task-simulation-152a32940c8e833d-exec-1'), ('18:31', 'task-simulation-152a32940c8e833d-exec-2'), ('18:32', 'task-simulation-152a32940c8e833d-exec-3'), ('18:32', 'task-simulation-152a32940c8e833d-exec-4'), ('18:32', 'task-simulation-152a32940c8e833d-exec-5'), ('18:32', 'task-simulation-152a32940c8e833d-exec-6'), ('18:34', 'task-simulation-152a32940c8e833d-exec-1'), ('18:34', 'task-simulation-152a32940c8e833d-exec-2'), ('18:34', 'task-simulation-152a32940c8e833d-exec-3'), ('18:35', 'task-simulation-152a32940c8e833d-exec-4'), ('18:35', 'task-simulation-152a32940c8e833d-exec-5'), ('18:35', 'task-simulation-152a32940c8e833d-exec-6'), ('18:37', 'task-simulation-152a32940c8e833d-exec-1'), ('18:37', 'task-simulation-152a32940c8e833d-exec-2'), ('18:37', 'task-simulation-152a32940c8e833d-exec-3'), ('18:37', 'task-simulation-152a32940c8e833d-exec-4'), ('18:38', 'task-simulation-152a32940c8e833d-exec-5'), ('18:38', 'task-simulation-152a32940c8e833d-exec-6'), ('18:39', 'task-simulation-152a32940c8e833d-exec-1'), ('18:40', 'task-simulation-152a32940c8e833d-exec-2'), ('18:40', 'task-simulation-152a32940c8e833d-exec-3'), ('18:40', 'task-simulation-152a32940c8e833d-exec-4'), ('18:40', 'task-simulation-152a32940c8e833d-exec-5'), ('18:40', 'task-simulation-152a32940c8e833d-exec-6'), ('18:42', 'task-simulation-152a32940c8e833d-exec-1'), ('18:42', 'task-simulation-152a32940c8e833d-exec-2'), ('18:43', 'task-simulation-152a32940c8e833d-exec-3'), ('18:43', 'task-simulation-152a32940c8e833d-exec-4'), ('18:43', 'task-simulation-152a32940c8e833d-exec-5'), ('18:43', 'task-simulation-152a32940c8e833d-exec-6'), ('18:45', 'task-simulation-152a32940c8e833d-exec-1'), ('18:45', 'task-simulation-152a32940c8e833d-exec-2'), ('18:46', 'task-simulation-152a32940c8e833d-exec-3'), ('18:46', 'task-simulation-152a32940c8e833d-exec-4'), ('18:46', 'task-simulation-152a32940c8e833d-exec-5'), ('18:47', 'task-simulation-152a32940c8e833d-exec-6'), ('18:49', 'task-simulation-152a32940c8e833d-exec-1'), ('18:49', 'task-simulation-152a32940c8e833d-exec-2'), ('18:49', 'task-simulation-152a32940c8e833d-exec-3'), ('18:50', 'task-simulation-152a32940c8e833d-exec-4'), ('18:50', 'task-simulation-152a32940c8e833d-exec-5'), ('18:50', 'task-simulation-152a32940c8e833d-exec-6'), ('18:52', 'task-simulation-152a32940c8e833d-exec-1'), ('18:52', 'task-simulation-152a32940c8e833d-exec-2'), ('18:53', 'task-simulation-152a32940c8e833d-exec-3'), ('18:53', 'task-simulation-152a32940c8e833d-exec-4'), ('18:53', 'task-simulation-152a32940c8e833d-exec-5'), ('18:53', 'task-simulation-152a32940c8e833d-exec-6'), ('18:55', 'task-simulation-152a32940c8e833d-exec-1'), ('18:55', 'task-simulation-152a32940c8e833d-exec-2'), ('18:55', 'task-simulation-152a32940c8e833d-exec-3'), ('18:56', 'task-simulation-152a32940c8e833d-exec-4'), ('18:56', 'task-simulation-152a32940c8e833d-exec-5'), ('18:56', 'task-simulation-152a32940c8e833d-exec-6'), ('18:58', 'task-simulation-152a32940c8e833d-exec-1'), ('18:58', 'task-simulation-152a32940c8e833d-exec-2'), ('18:58', 'task-simulation-152a32940c8e833d-exec-3'), ('18:58', 'task-simulation-152a32940c8e833d-exec-4'), ('18:58', 'task-simulation-152a32940c8e833d-exec-5'), ('18:59', 'task-simulation-152a32940c8e833d-exec-6'), ('19:00', 'task-simulation-152a32940c8e833d-exec-1'), ('19:00', 'task-simulation-152a32940c8e833d-exec-2'), ('19:01', 'task-simulation-152a32940c8e833d-exec-3'), ('19:01', 'task-simulation-152a32940c8e833d-exec-4'), ('19:01', 'task-simulation-152a32940c8e833d-exec-5'), ('19:01', 'task-simulation-152a32940c8e833d-exec-6'), ('19:04', 'task-simulation-152a32940c8e833d-exec-1'), ('19:05', 'task-simulation-152a32940c8e833d-exec-2'), ('19:05', 'task-simulation-152a32940c8e833d-exec-3'), ('19:05', 'task-simulation-152a32940c8e833d-exec-4'), ('19:05', 'task-simulation-152a32940c8e833d-exec-5'), ('19:05', 'task-simulation-152a32940c8e833d-exec-6'), ('19:08', 'task-simulation-152a32940c8e833d-exec-1'), ('19:08', 'task-simulation-152a32940c8e833d-exec-2'), ('19:09', 'task-simulation-152a32940c8e833d-exec-3'), ('19:09', 'task-simulation-152a32940c8e833d-exec-4'), ('19:09', 'task-simulation-152a32940c8e833d-exec-5'), ('19:09', 'task-simulation-152a32940c8e833d-exec-6')]"
95,2024-12-28 09:17:36.019167,2024-12-28 09:18:06.059361,24.250999999999998,"[('17:56', 'task-simulation-ee23f0940c8ebcc5-exec-1'), ('17:59', 'task-simulation-ee23f0940c8ebcc5-exec-1')]"
96,2024-12-28 09:18:13.893041,2024-12-28 09:18:41.929486,12.125499999999999,"[('18:35', 'task-simulation-95d686940c8f506f-exec-1')]"
97,2024-12-28 09:18:22.475432,2024-12-28 09:18:54.967166,48.49349999999999,"[('18:44', 'task-simulation-3c190e940c8f735d-exec-1'), ('18:47', 'task-simulation-3c190e940c8f735d-exec-1'), ('18:47', 'task-simulation-3c190e940c8f735d-exec-2'), ('18:51', 'task-simulation-3c190e940c8f735d-exec-2')]"
98,2024-12-28 09:18:41.936614,2024-12-28 09:19:38.744179,727.0199999999996,"[('19:03', 'task-simulation-00c0ce940c8fbcdd-exec-1'), ('19:03', 'task-simulation-00c0ce940c8fbcdd-exec-2'), ('19:03', 'task-simulation-00c0ce940c8fbcdd-exec-3'), ('19:04', 'task-simulation-00c0ce940c8fbcdd-exec-4'), ('19:04', 'task-simulation-00c0ce940c8fbcdd-exec-5'), ('19:04', 'task-simulation-00c0ce940c8fbcdd-exec-6'), ('19:07', 'task-simulation-00c0ce940c8fbcdd-exec-1'), ('19:07', 'task-simulation-00c0ce940c8fbcdd-exec-2'), ('19:07', 'task-simulation-00c0ce940c8fbcdd-exec-3'), ('19:07', 'task-simulation-00c0ce940c8fbcdd-exec-4'), ('19:08', 'task-simulation-00c0ce940c8fbcdd-exec-5'), ('19:08', 'task-simulation-00c0ce940c8fbcdd-exec-6'), ('19:11', 'task-simulation-00c0ce940c8fbcdd-exec-1'), ('19:11', 'task-simulation-00c0ce940c8fbcdd-exec-2'), ('19:11', 'task-simulation-00c0ce940c8fbcdd-exec-3'), ('19:12', 'task-simulation-00c0ce940c8fbcdd-exec-4'), ('19:12', 'task-simulation-00c0ce940c8fbcdd-exec-5'), ('19:12', 'task-simulation-00c0ce940c8fbcdd-exec-6'), ('19:14', 'task-simulation-00c0ce940c8fbcdd-exec-1'), ('19:14', 'task-simulation-00c0ce940c8fbcdd-exec-2'), ('19:14', 'task-simulation-00c0ce940c8fbcdd-exec-3'), ('19:14', 'task-simulation-00c0ce940c8fbcdd-exec-4'), ('19:15', 'task-simulation-00c0ce940c8fbcdd-exec-5'), ('19:15', 'task-simulation-00c0ce940c8fbcdd-exec-6'), ('19:17', 'task-simulation-00c0ce940c8fbcdd-exec-1'), ('19:17', 'task-simulation-00c0ce940c8fbcdd-exec-2'), ('19:17', 'task-simulation-00c0ce940c8fbcdd-exec-3'), ('19:17', 'task-simulation-00c0ce940c8fbcdd-exec-4'), ('19:18', 'task-simulation-00c0ce940c8fbcdd-exec-5'), ('19:18', 'task-simulation-00c0ce940c8fbcdd-exec-6'), ('19:20', 'task-simulation-00c0ce940c8fbcdd-exec-1'), ('19:20', 'task-simulation-00c0ce940c8fbcdd-exec-2'), ('19:20', 'task-simulation-00c0ce940c8fbcdd-exec-3'), ('19:20', 'task-simulation-00c0ce940c8fbcdd-exec-4'), ('19:21', 'task-simulation-00c0ce940c8fbcdd-exec-5'), ('19:21', 'task-simulation-00c0ce940c8fbcdd-exec-6'), ('19:22', 'task-simulation-00c0ce940c8fbcdd-exec-1'), ('19:23', 'task-simulation-00c0ce940c8fbcdd-exec-2'), ('19:23', 'task-simulation-00c0ce940c8fbcdd-exec-3'), ('19:23', 'task-simulation-00c0ce940c8fbcdd-exec-4'), ('19:23', 'task-simulation-00c0ce940c8fbcdd-exec-5'), ('19:23', 'task-simulation-00c0ce940c8fbcdd-exec-6'), ('19:25', 'task-simulation-00c0ce940c8fbcdd-exec-1'), ('19:25', 'task-simulation-00c0ce940c8fbcdd-exec-2'), ('19:26', 'task-simulation-00c0ce940c8fbcdd-exec-3'), ('19:26', 'task-simulation-00c0ce940c8fbcdd-exec-4'), ('19:26', 'task-simulation-00c0ce940c8fbcdd-exec-5'), ('19:26', 'task-simulation-00c0ce940c8fbcdd-exec-6'), ('19:28', 'task-simulation-00c0ce940c8fbcdd-exec-1'), ('19:28', 'task-simulation-00c0ce940c8fbcdd-exec-2'), ('19:28', 'task-simulation-00c0ce940c8fbcdd-exec-3'), ('19:28', 'task-simulation-00c0ce940c8fbcdd-exec-4'), ('19:28', 'task-simulation-00c0ce940c8fbcdd-exec-5'), ('19:29', 'task-simulation-00c0ce940c8fbcdd-exec-6'), ('19:30', 'task-simulation-00c0ce940c8fbcdd-exec-1'), ('19:30', 'task-simulation-00c0ce940c8fbcdd-exec-2'), ('19:31', 'task-simulation-00c0ce940c8fbcdd-exec-3'), ('19:31', 'task-simulation-00c0ce940c8fbcdd-exec-4'), ('19:31', 'task-simulation-00c0ce940c8fbcdd-exec-5'), ('19:31', 'task-simulation-00c0ce940c8fbcdd-exec-6')]"
99,2024-12-28 09:19:13.538578,2024-12-28 09:20:24.954883,1197.9080000000008,"[('19:34', 'task-simulation-85cd09940c903a58-exec-1'), ('19:34', 'task-simulation-85cd09940c903a58-exec-2'), ('19:35', 'task-simulation-85cd09940c903a58-exec-3'), ('19:36', 'task-simulation-85cd09940c903a58-exec-1'), ('19:36', 'task-simulation-85cd09940c903a58-exec-2'), ('19:37', 'task-simulation-85cd09940c903a58-exec-3'), ('19:37', 'task-simulation-85cd09940c903a58-exec-4'), ('19:37', 'task-simulation-85cd09940c903a58-exec-5'), ('19:37', 'task-simulation-85cd09940c903a58-exec-6'), ('19:39', 'task-simulation-85cd09940c903a58-exec-1'), ('19:39', 'task-simulation-85cd09940c903a58-exec-2'), ('19:39', 'task-simulation-85cd09940c903a58-exec-3'), ('19:39', 'task-simulation-85cd09940c903a58-exec-4'), ('19:40', 'task-simulation-85cd09940c903a58-exec-5'), ('19:40', 'task-simulation-85cd09940c903a58-exec-6'), ('19:41', 'task-simulation-85cd09940c903a58-exec-1'), ('19:42', 'task-simulation-85cd09940c903a58-exec-2'), ('19:42', 'task-simulation-85cd09940c903a58-exec-3'), ('19:42', 'task-simulation-85cd09940c903a58-exec-4'), ('19:42', 'task-simulation-85cd09940c903a58-exec-5'), ('19:43', 'task-simulation-85cd09940c903a58-exec-6'), ('19:44', 'task-simulation-85cd09940c903a58-exec-1'), ('19:44', 'task-simulation-85cd09940c903a58-exec-2'), ('19:45', 'task-simulation-85cd09940c903a58-exec-3'), ('19:45', 'task-simulation-85cd09940c903a58-exec-4'), ('19:45', 'task-simulation-85cd09940c903a58-exec-5'), ('19:45', 'task-simulation-85cd09940c903a58-exec-6'), ('19:47', 'task-simulation-85cd09940c903a58-exec-1'), ('19:47', 'task-simulation-85cd09940c903a58-exec-2'), ('19:47', 'task-simulation-85cd09940c903a58-exec-3'), ('19:47', 'task-simulation-85cd09940c903a58-exec-4'), ('19:48', 'task-simulation-85cd09940c903a58-exec-5'), ('19:48', 'task-simulation-85cd09940c903a58-exec-6'), ('19:49', 'task-simulation-85cd09940c903a58-exec-1'), ('19:50', 'task-simulation-85cd09940c903a58-exec-2'), ('19:50', 'task-simulation-85cd09940c903a58-exec-3'), ('19:50', 'task-simulation-85cd09940c903a58-exec-4'), ('19:50', 'task-simulation-85cd09940c903a58-exec-5'), ('19:51', 'task-simulation-85cd09940c903a58-exec-6'), ('19:52', 'task-simulation-85cd09940c903a58-exec-1'), ('19:52', 'task-simulation-85cd09940c903a58-exec-2'), ('19:52', 'task-simulation-85cd09940c903a58-exec-3'), ('19:53', 'task-simulation-85cd09940c903a58-exec-4'), ('19:53', 'task-simulation-85cd09940c903a58-exec-5'), ('19:53', 'task-simulation-85cd09940c903a58-exec-6'), ('19:55', 'task-simulation-85cd09940c903a58-exec-1'), ('19:55', 'task-simulation-85cd09940c903a58-exec-2'), ('19:55', 'task-simulation-85cd09940c903a58-exec-3'), ('19:55', 'task-simulation-85cd09940c903a58-exec-4'), ('19:56', 'task-simulation-85cd09940c903a58-exec-5'), ('19:56', 'task-simulation-85cd09940c903a58-exec-6'), ('19:57', 'task-simulation-85cd09940c903a58-exec-1'), ('19:58', 'task-simulation-85cd09940c903a58-exec-2'), ('19:58', 'task-simulation-85cd09940c903a58-exec-3'), ('19:58', 'task-simulation-85cd09940c903a58-exec-4'), ('19:58', 'task-simulation-85cd09940c903a58-exec-5'), ('19:58', 'task-simulation-85cd09940c903a58-exec-6'), ('20:00', 'task-simulation-85cd09940c903a58-exec-1'), ('20:00', 'task-simulation-85cd09940c903a58-exec-2'), ('20:01', 'task-simulation-85cd09940c903a58-exec-3'), ('20:01', 'task-simulation-85cd09940c903a58-exec-4'), ('20:01', 'task-simulation-85cd09940c903a58-exec-5'), ('20:01', 'task-simulation-85cd09940c903a58-exec-6'), ('20:03', 'task-simulation-85cd09940c903a58-exec-1'), ('20:03', 'task-simulation-85cd09940c903a58-exec-2'), ('20:03', 'task-simulation-85cd09940c903a58-exec-3'), ('20:03', 'task-simulation-85cd09940c903a58-exec-4'), ('20:04', 'task-simulation-85cd09940c903a58-exec-5'), ('20:04', 'task-simulation-85cd09940c903a58-exec-6'), ('20:05', 'task-simulation-85cd09940c903a58-exec-1'), ('20:06', 'task-simulation-85cd09940c903a58-exec-2'), ('20:06', 'task-simulation-85cd09940c903a58-exec-3'), ('20:06', 'task-simulation-85cd09940c903a58-exec-4'), ('20:07', 'task-simulation-85cd09940c903a58-exec-5'), ('20:07', 'task-simulation-85cd09940c903a58-exec-6'), ('20:08', 'task-simulation-85cd09940c903a58-exec-1'), ('20:09', 'task-simulation-85cd09940c903a58-exec-2'), ('20:09', 'task-simulation-85cd09940c903a58-exec-3'), ('20:09', 'task-simulation-85cd09940c903a58-exec-4'), ('20:09', 'task-simulation-85cd09940c903a58-exec-5'), ('20:10', 'task-simulation-85cd09940c903a58-exec-6'), ('20:11', 'task-simulation-85cd09940c903a58-exec-1'), ('20:11', 'task-simulation-85cd09940c903a58-exec-2'), ('20:12', 'task-simulation-85cd09940c903a58-exec-3'), ('20:12', 'task-simulation-85cd09940c903a58-exec-4'), ('20:12', 'task-simulation-85cd09940c903a58-exec-5'), ('20:12', 'task-simulation-85cd09940c903a58-exec-6'), ('20:14', 'task-simulation-85cd09940c903a58-exec-1'), ('20:14', 'task-simulation-85cd09940c903a58-exec-2'), ('20:14', 'task-simulation-85cd09940c903a58-exec-3'), ('20:14', 'task-simulation-85cd09940c903a58-exec-4'), ('20:15', 'task-simulation-85cd09940c903a58-exec-5'), ('20:15', 'task-simulation-85cd09940c903a58-exec-6'), ('20:16', 'task-simulation-85cd09940c903a58-exec-1'), ('20:17', 'task-simulation-85cd09940c903a58-exec-2'), ('20:17', 'task-simulation-85cd09940c903a58-exec-3'), ('20:17', 'task-simulation-85cd09940c903a58-exec-4'), ('20:17', 'task-simulation-85cd09940c903a58-exec-5'), ('20:18', 'task-simulation-85cd09940c903a58-exec-6')]"
100,2024-12-28 09:19:38.751419,2024-12-28 09:20:08.339160,24.183999999999997,"[('19:57', 'task-simulation-5163a2940c909b83-exec-1'), ('20:00', 'task-simulation-5163a2940c909b83-exec-1')]"
101,2024-12-28 09:20:05.275260,2024-12-28 09:20:31.714009,36.275999999999996,"[('20:23', 'task-simulation-4cee7b940c91011c-exec-1'), ('20:25', 'task-simulation-4cee7b940c91011c-exec-1'), ('20:26', 'task-simulation-4cee7b940c91011c-exec-1')]"
103,2024-12-28 09:20:27.978395,2024-12-28 09:22:06.060042,1735.4946666666685,"[('20:47', 'task-simulation-64fa72940c915a5b-exec-1'), ('20:48', 'task-simulation-64fa72940c915a5b-exec-1'), ('20:48', 'task-simulation-64fa72940c915a5b-exec-2'), ('20:49', 'task-simulation-64fa72940c915a5b-exec-3'), ('20:50', 'task-simulation-64fa72940c915a5b-exec-1'), ('20:50', 'task-simulation-64fa72940c915a5b-exec-2'), ('20:51', 'task-simulation-64fa72940c915a5b-exec-3'), ('20:51', 'task-simulation-64fa72940c915a5b-exec-4'), ('20:51', 'task-simulation-64fa72940c915a5b-exec-5'), ('20:52', 'task-simulation-64fa72940c915a5b-exec-6'), ('20:53', 'task-simulation-64fa72940c915a5b-exec-1'), ('20:53', 'task-simulation-64fa72940c915a5b-exec-2'), ('20:54', 'task-simulation-64fa72940c915a5b-exec-3'), ('20:54', 'task-simulation-64fa72940c915a5b-exec-4'), ('20:54', 'task-simulation-64fa72940c915a5b-exec-5'), ('20:54', 'task-simulation-64fa72940c915a5b-exec-6'), ('20:56', 'task-simulation-64fa72940c915a5b-exec-1'), ('20:56', 'task-simulation-64fa72940c915a5b-exec-2'), ('20:56', 'task-simulation-64fa72940c915a5b-exec-3'), ('20:56', 'task-simulation-64fa72940c915a5b-exec-4'), ('20:57', 'task-simulation-64fa72940c915a5b-exec-5'), ('20:57', 'task-simulation-64fa72940c915a5b-exec-6'), ('20:58', 'task-simulation-64fa72940c915a5b-exec-1'), ('20:58', 'task-simulation-64fa72940c915a5b-exec-2'), ('20:59', 'task-simulation-64fa72940c915a5b-exec-3'), ('20:59', 'task-simulation-64fa72940c915a5b-exec-4'), ('20:59', 'task-simulation-64fa72940c915a5b-exec-5'), ('20:59', 'task-simulation-64fa72940c915a5b-exec-6'), ('21:01', 'task-simulation-64fa72940c915a5b-exec-1'), ('21:01', 'task-simulation-64fa72940c915a5b-exec-2'), ('21:01', 'task-simulation-64fa72940c915a5b-exec-3'), ('21:02', 'task-simulation-64fa72940c915a5b-exec-4'), ('21:02', 'task-simulation-64fa72940c915a5b-exec-5'), ('21:02', 'task-simulation-64fa72940c915a5b-exec-6'), ('21:03', 'task-simulation-64fa72940c915a5b-exec-1'), ('21:04', 'task-simulation-64fa72940c915a5b-exec-2'), ('21:04', 'task-simulation-64fa72940c915a5b-exec-3'), ('21:04', 'task-simulation-64fa72940c915a5b-exec-4'), ('21:04', 'task-simulation-64fa72940c915a5b-exec-5'), ('21:05', 'task-simulation-64fa72940c915a5b-exec-6'), ('21:06', 'task-simulation-64fa72940c915a5b-exec-1'), ('21:06', 'task-simulation-64fa72940c915a5b-exec-2'), ('21:07', 'task-simulation-64fa72940c915a5b-exec-3'), ('21:07', 'task-simulation-64fa72940c915a5b-exec-4'), ('21:07', 'task-simulation-64fa72940c915a5b-exec-5'), ('21:07', 'task-simulation-64fa72940c915a5b-exec-6'), ('21:10', 'task-simulation-64fa72940c915a5b-exec-1'), ('21:10', 'task-simulation-64fa72940c915a5b-exec-2'), ('21:10', 'task-simulation-64fa72940c915a5b-exec-3'), ('21:10', 'task-simulation-64fa72940c915a5b-exec-4'), ('21:10', 'task-simulation-64fa72940c915a5b-exec-5'), ('21:11', 'task-simulation-64fa72940c915a5b-exec-6'), ('21:13', 'task-simulation-64fa72940c915a5b-exec-1'), ('21:14', 'task-simulation-64fa72940c915a5b-exec-2'), ('21:14', 'task-simulation-64fa72940c915a5b-exec-3'), ('21:14', 'task-simulation-64fa72940c915a5b-exec-4'), ('21:14', 'task-simulation-64fa72940c915a5b-exec-5'), ('21:15', 'task-simulation-64fa72940c915a5b-exec-6'), ('21:17', 'task-simulation-64fa72940c915a5b-exec-1'), ('21:18', 'task-simulation-64fa72940c915a5b-exec-2'), ('21:18', 'task-simulation-64fa72940c915a5b-exec-3'), ('21:18', 'task-simulation-64fa72940c915a5b-exec-4'), ('21:18', 'task-simulation-64fa72940c915a5b-exec-5'), ('21:19', 'task-simulation-64fa72940c915a5b-exec-6'), ('21:22', 'task-simulation-64fa72940c915a5b-exec-1'), ('21:22', 'task-simulation-64fa72940c915a5b-exec-2'), ('21:22', 'task-simulation-64fa72940c915a5b-exec-3'), ('21:23', 'task-simulation-64fa72940c915a5b-exec-4'), ('21:23', 'task-simulation-64fa72940c915a5b-exec-5'), ('21:23', 'task-simulation-64fa72940c915a5b-exec-6'), ('21:25', 'task-simulation-64fa72940c915a5b-exec-1'), ('21:25', 'task-simulation-64fa72940c915a5b-exec-2'), ('21:25', 'task-simulation-64fa72940c915a5b-exec-3'), ('21:26', 'task-simulation-64fa72940c915a5b-exec-4'), ('21:26', 'task-simulation-64fa72940c915a5b-exec-5'), ('21:26', 'task-simulation-64fa72940c915a5b-exec-6'), ('21:28', 'task-simulation-64fa72940c915a5b-exec-1'), ('21:28', 'task-simulation-64fa72940c915a5b-exec-2'), ('21:28', 'task-simulation-64fa72940c915a5b-exec-3'), ('21:29', 'task-simulation-64fa72940c915a5b-exec-4'), ('21:29', 'task-simulation-64fa72940c915a5b-exec-5'), ('21:29', 'task-simulation-64fa72940c915a5b-exec-6'), ('21:31', 'task-simulation-64fa72940c915a5b-exec-1'), ('21:31', 'task-simulation-64fa72940c915a5b-exec-2'), ('21:31', 'task-simulation-64fa72940c915a5b-exec-3'), ('21:31', 'task-simulation-64fa72940c915a5b-exec-4'), ('21:32', 'task-simulation-64fa72940c915a5b-exec-5'), ('21:32', 'task-simulation-64fa72940c915a5b-exec-6'), ('21:33', 'task-simulation-64fa72940c915a5b-exec-1'), ('21:34', 'task-simulation-64fa72940c915a5b-exec-2'), ('21:34', 'task-simulation-64fa72940c915a5b-exec-3'), ('21:34', 'task-simulation-64fa72940c915a5b-exec-4'), ('21:34', 'task-simulation-64fa72940c915a5b-exec-5'), ('21:35', 'task-simulation-64fa72940c915a5b-exec-6'), ('21:36', 'task-simulation-64fa72940c915a5b-exec-1'), ('21:36', 'task-simulation-64fa72940c915a5b-exec-2'), ('21:36', 'task-simulation-64fa72940c915a5b-exec-3'), ('21:37', 'task-simulation-64fa72940c915a5b-exec-4'), ('21:37', 'task-simulation-64fa72940c915a5b-exec-5'), ('21:37', 'task-simulation-64fa72940c915a5b-exec-6'), ('21:39', 'task-simulation-64fa72940c915a5b-exec-1'), ('21:39', 'task-simulation-64fa72940c915a5b-exec-2'), ('21:39', 'task-simulation-64fa72940c915a5b-exec-3'), ('21:39', 'task-simulation-64fa72940c915a5b-exec-4'), ('21:39', 'task-simulation-64fa72940c915a5b-exec-5'), ('21:40', 'task-simulation-64fa72940c915a5b-exec-6'), ('21:41', 'task-simulation-64fa72940c915a5b-exec-1'), ('21:41', 'task-simulation-64fa72940c915a5b-exec-2'), ('21:42', 'task-simulation-64fa72940c915a5b-exec-3'), ('21:42', 'task-simulation-64fa72940c915a5b-exec-4'), ('21:42', 'task-simulation-64fa72940c915a5b-exec-5'), ('21:42', 'task-simulation-64fa72940c915a5b-exec-6'), ('21:44', 'task-simulation-64fa72940c915a5b-exec-1'), ('21:44', 'task-simulation-64fa72940c915a5b-exec-2'), ('21:44', 'task-simulation-64fa72940c915a5b-exec-3'), ('21:45', 'task-simulation-64fa72940c915a5b-exec-4'), ('21:45', 'task-simulation-64fa72940c915a5b-exec-5'), ('21:45', 'task-simulation-64fa72940c915a5b-exec-6'), ('21:47', 'task-simulation-64fa72940c915a5b-exec-1'), ('21:47', 'task-simulation-64fa72940c915a5b-exec-2'), ('21:47', 'task-simulation-64fa72940c915a5b-exec-3'), ('21:48', 'task-simulation-64fa72940c915a5b-exec-4'), ('21:48', 'task-simulation-64fa72940c915a5b-exec-5'), ('21:48', 'task-simulation-64fa72940c915a5b-exec-6'), ('21:50', 'task-simulation-64fa72940c915a5b-exec-1'), ('21:50', 'task-simulation-64fa72940c915a5b-exec-2'), ('21:50', 'task-simulation-64fa72940c915a5b-exec-3'), ('21:50', 'task-simulation-64fa72940c915a5b-exec-4'), ('21:51', 'task-simulation-64fa72940c915a5b-exec-5'), ('21:51', 'task-simulation-64fa72940c915a5b-exec-6'), ('21:52', 'task-simulation-64fa72940c915a5b-exec-1'), ('21:53', 'task-simulation-64fa72940c915a5b-exec-2'), ('21:53', 'task-simulation-64fa72940c915a5b-exec-3'), ('21:53', 'task-simulation-64fa72940c915a5b-exec-4'), ('21:53', 'task-simulation-64fa72940c915a5b-exec-5'), ('21:53', 'task-simulation-64fa72940c915a5b-exec-6'), ('21:55', 'task-simulation-64fa72940c915a5b-exec-1'), ('21:55', 'task-simulation-64fa72940c915a5b-exec-2'), ('21:55', 'task-simulation-64fa72940c915a5b-exec-3'), ('21:56', 'task-simulation-64fa72940c915a5b-exec-4'), ('21:56', 'task-simulation-64fa72940c915a5b-exec-5'), ('21:56', 'task-simulation-64fa72940c915a5b-exec-6'), ('21:57', 'task-simulation-64fa72940c915a5b-exec-1'), ('21:58', 'task-simulation-64fa72940c915a5b-exec-2'), ('21:58', 'task-simulation-64fa72940c915a5b-exec-4'), ('21:58', 'task-simulation-64fa72940c915a5b-exec-5'), ('21:58', 'task-simulation-64fa72940c915a5b-exec-6')]"
104,2024-12-28 09:20:46.482973,2024-12-28 09:21:27.911159,260.46533333333343,"[('21:06', 'task-simulation-475868940c91a572-exec-1'), ('21:09', 'task-simulation-475868940c91a572-exec-1'), ('21:09', 'task-simulation-475868940c91a572-exec-2'), ('21:09', 'task-simulation-475868940c91a572-exec-3'), ('21:09', 'task-simulation-475868940c91a572-exec-4'), ('21:12', 'task-simulation-475868940c91a572-exec-1'), ('21:12', 'task-simulation-475868940c91a572-exec-2'), ('21:13', 'task-simulation-475868940c91a572-exec-3'), ('21:13', 'task-simulation-475868940c91a572-exec-4'), ('21:13', 'task-simulation-475868940c91a572-exec-5'), ('21:13', 'task-simulation-475868940c91a572-exec-6'), ('21:16', 'task-simulation-475868940c91a572-exec-1'), ('21:16', 'task-simulation-475868940c91a572-exec-2'), ('21:16', 'task-simulation-475868940c91a572-exec-3'), ('21:17', 'task-simulation-475868940c91a572-exec-4'), ('21:17', 'task-simulation-475868940c91a572-exec-5'), ('21:17', 'task-simulation-475868940c91a572-exec-6'), ('21:20', 'task-simulation-475868940c91a572-exec-1'), ('21:20', 'task-simulation-475868940c91a572-exec-2'), ('21:21', 'task-simulation-475868940c91a572-exec-3'), ('21:21', 'task-simulation-475868940c91a572-exec-4'), ('21:21', 'task-simulation-475868940c91a572-exec-5')]"
105,2024-12-28 09:21:20.014042,2024-12-28 09:21:46.940560,11.839333333333334,"[('21:43', 'task-simulation-b049cb940c922bf9-exec-1')]"
106,2024-12-28 09:21:24.811894,2024-12-28 09:21:52.294520,23.4645,"[('21:45', 'task-simulation-7df199940c923bb1-exec-1'), ('21:48', 'task-simulation-7df199940c923bb1-exec-1')]"
108,2024-12-28 09:22:37.106077,2024-12-28 09:23:14.027571,274.6119999999998,"[('22:57', 'task-simulation-e5c88a940c9354ff-exec-1'), ('22:59', 'task-simulation-e5c88a940c9354ff-exec-1'), ('22:59', 'task-simulation-e5c88a940c9354ff-exec-2'), ('22:59', 'task-simulation-e5c88a940c9354ff-exec-3'), ('23:01', 'task-simulation-e5c88a940c9354ff-exec-1'), ('23:01', 'task-simulation-e5c88a940c9354ff-exec-2'), ('23:01', 'task-simulation-e5c88a940c9354ff-exec-3'), ('23:01', 'task-simulation-e5c88a940c9354ff-exec-4'), ('23:03', 'task-simulation-e5c88a940c9354ff-exec-1'), ('23:03', 'task-simulation-e5c88a940c9354ff-exec-2'), ('23:03', 'task-simulation-e5c88a940c9354ff-exec-3'), ('23:03', 'task-simulation-e5c88a940c9354ff-exec-4'), ('23:05', 'task-simulation-e5c88a940c9354ff-exec-1'), ('23:05', 'task-simulation-e5c88a940c9354ff-exec-2'), ('23:05', 'task-simulation-e5c88a940c9354ff-exec-3'), ('23:06', 'task-simulation-e5c88a940c9354ff-exec-4'), ('23:07', 'task-simulation-e5c88a940c9354ff-exec-1'), ('23:07', 'task-simulation-e5c88a940c9354ff-exec-2'), ('23:08', 'task-simulation-e5c88a940c9354ff-exec-3'), ('23:08', 'task-simulation-e5c88a940c9354ff-exec-4'), ('23:09', 'task-simulation-e5c88a940c9354ff-exec-1'), ('23:10', 'task-simulation-e5c88a940c9354ff-exec-2'), ('23:10', 'task-simulation-e5c88a940c9354ff-exec-3'), ('23:10', 'task-simulation-e5c88a940c9354ff-exec-4')]"
109,2024-12-28 09:23:29.938380,2024-12-28 09:24:39.484284,1091.1359999999988,"[('23:50', 'task-simulation-e5989e940c942160-exec-1'), ('23:51', 'task-simulation-e5989e940c942160-exec-1'), ('23:51', 'task-simulation-e5989e940c942160-exec-2'), ('23:52', 'task-simulation-e5989e940c942160-exec-3'), ('23:52', 'task-simulation-e5989e940c942160-exec-4'), ('23:52', 'task-simulation-e5989e940c942160-exec-5'), ('23:54', 'task-simulation-e5989e940c942160-exec-1'), ('23:54', 'task-simulation-e5989e940c942160-exec-2'), ('23:54', 'task-simulation-e5989e940c942160-exec-3'), ('23:54', 'task-simulation-e5989e940c942160-exec-4'), ('23:54', 'task-simulation-e5989e940c942160-exec-5'), ('23:55', 'task-simulation-e5989e940c942160-exec-6'), ('23:56', 'task-simulation-e5989e940c942160-exec-1'), ('23:56', 'task-simulation-e5989e940c942160-exec-2'), ('23:57', 'task-simulation-e5989e940c942160-exec-3'), ('23:57', 'task-simulation-e5989e940c942160-exec-4'), ('23:57', 'task-simulation-e5989e940c942160-exec-5'), ('23:57', 'task-simulation-e5989e940c942160-exec-6'), ('23:59', 'task-simulation-e5989e940c942160-exec-1'), ('23:59', 'task-simulation-e5989e940c942160-exec-2'), ('23:59', 'task-simulation-e5989e940c942160-exec-3'), ('23:59', 'task-simulation-e5989e940c942160-exec-4'), ('24:00', 'task-simulation-e5989e940c942160-exec-5'), ('24:00', 'task-simulation-e5989e940c942160-exec-6'), ('24:02', 'task-simulation-e5989e940c942160-exec-1'), ('24:02', 'task-simulation-e5989e940c942160-exec-2'), ('24:02', 'task-simulation-e5989e940c942160-exec-3'), ('24:02', 'task-simulation-e5989e940c942160-exec-4'), ('24:03', 'task-simulation-e5989e940c942160-exec-5'), ('24:03', 'task-simulation-e5989e940c942160-exec-6'), ('24:05', 'task-simulation-e5989e940c942160-exec-1'), ('24:05', 'task-simulation-e5989e940c942160-exec-2'), ('24:05', 'task-simulation-e5989e940c942160-exec-3'), ('24:05', 'task-simulation-e5989e940c942160-exec-4'), ('24:06', 'task-simulation-e5989e940c942160-exec-5'), ('24:06', 'task-simulation-e5989e940c942160-exec-6'), ('24:08', 'task-simulation-e5989e940c942160-exec-1'), ('24:08', 'task-simulation-e5989e940c942160-exec-2'), ('24:08', 'task-simulation-e5989e940c942160-exec-3'), ('24:08', 'task-simulation-e5989e940c942160-exec-4'), ('24:08', 'task-simulation-e5989e940c942160-exec-5'), ('24:09', 'task-simulation-e5989e940c942160-exec-6'), ('24:10', 'task-simulation-e5989e940c942160-exec-1'), ('24:10', 'task-simulation-e5989e940c942160-exec-2'), ('24:11', 'task-simulation-e5989e940c942160-exec-3'), ('24:11', 'task-simulation-e5989e940c942160-exec-4'), ('24:11', 'task-simulation-e5989e940c942160-exec-5'), ('24:11', 'task-simulation-e5989e940c942160-exec-6'), ('24:13', 'task-simulation-e5989e940c942160-exec-1'), ('24:13', 'task-simulation-e5989e940c942160-exec-2'), ('24:13', 'task-simulation-e5989e940c942160-exec-3'), ('24:13', 'task-simulation-e5989e940c942160-exec-4'), ('24:14', 'task-simulation-e5989e940c942160-exec-5'), ('24:14', 'task-simulation-e5989e940c942160-exec-6'), ('24:15', 'task-simulation-e5989e940c942160-exec-1'), ('24:15', 'task-simulation-e5989e940c942160-exec-2'), ('24:16', 'task-simulation-e5989e940c942160-exec-3'), ('24:16', 'task-simulation-e5989e940c942160-exec-4'), ('24:16', 'task-simulation-e5989e940c942160-exec-5'), ('24:16', 'task-simulation-e5989e940c942160-exec-6'), ('24:18', 'task-simulation-e5989e940c942160-exec-1'), ('24:18', 'task-simulation-e5989e940c942160-exec-2'), ('24:18', 'task-simulation-e5989e940c942160-exec-3'), ('24:18', 'task-simulation-e5989e940c942160-exec-4'), ('24:19', 'task-simulation-e5989e940c942160-exec-5'), ('24:19', 'task-simulation-e5989e940c942160-exec-6'), ('24:21', 'task-simulation-e5989e940c942160-exec-1'), ('24:21', 'task-simulation-e5989e940c942160-exec-2'), ('24:22', 'task-simulation-e5989e940c942160-exec-3'), ('24:22', 'task-simulation-e5989e940c942160-exec-4'), ('24:22', 'task-simulation-e5989e940c942160-exec-5'), ('24:22', 'task-simulation-e5989e940c942160-exec-6'), ('24:25', 'task-simulation-e5989e940c942160-exec-1'), ('24:25', 'task-simulation-e5989e940c942160-exec-2'), ('24:25', 'task-simulation-e5989e940c942160-exec-3'), ('24:26', 'task-simulation-e5989e940c942160-exec-4'), ('24:26', 'task-simulation-e5989e940c942160-exec-5'), ('24:26', 'task-simulation-e5989e940c942160-exec-6'), ('24:28', 'task-simulation-e5989e940c942160-exec-1'), ('24:29', 'task-simulation-e5989e940c942160-exec-2'), ('24:29', 'task-simulation-e5989e940c942160-exec-3'), ('24:29', 'task-simulation-e5989e940c942160-exec-4'), ('24:29', 'task-simulation-e5989e940c942160-exec-5'), ('24:29', 'task-simulation-e5989e940c942160-exec-6'), ('24:32', 'task-simulation-e5989e940c942160-exec-1'), ('24:32', 'task-simulation-e5989e940c942160-exec-2'), ('24:32', 'task-simulation-e5989e940c942160-exec-3'), ('24:32', 'task-simulation-e5989e940c942160-exec-4'), ('24:32', 'task-simulation-e5989e940c942160-exec-5'), ('24:33', 'task-simulation-e5989e940c942160-exec-6'), ('24:35', 'task-simulation-e5989e940c942160-exec-1'), ('24:35', 'task-simulation-e5989e940c942160-exec-2'), ('24:35', 'task-simulation-e5989e940c942160-exec-3'), ('24:36', 'task-simulation-e5989e940c942160-exec-4'), ('24:36', 'task-simulation-e5989e940c942160-exec-5'), ('24:36', 'task-simulation-e5989e940c942160-exec-6')]"
110,2024-12-28 09:23:58.731856,2024-12-28 09:24:34.186917,56.83,"[('24:21', 'task-simulation-450519940c9498bd-exec-1'), ('24:21', 'task-simulation-450519940c9498bd-exec-2'), ('24:24', 'task-simulation-450519940c9498bd-exec-1'), ('24:25', 'task-simulation-450519940c9498bd-exec-2'), ('24:28', 'task-simulation-450519940c9498bd-exec-2')]"
111,2024-12-28 09:24:01.361727,2024-12-28 09:24:45.318200,204.5879999999999,"[('24:24', 'task-simulation-25b399940c94a252-exec-1'), ('24:24', 'task-simulation-25b399940c94a252-exec-2'), ('24:24', 'task-simulation-25b399940c94a252-exec-3'), ('24:27', 'task-simulation-25b399940c94a252-exec-1'), ('24:28', 'task-simulation-25b399940c94a252-exec-2'), ('24:28', 'task-simulation-25b399940c94a252-exec-3'), ('24:31', 'task-simulation-25b399940c94a252-exec-1'), ('24:31', 'task-simulation-25b399940c94a252-exec-2'), ('24:31', 'task-simulation-25b399940c94a252-exec-3'), ('24:34', 'task-simulation-25b399940c94a252-exec-1'), ('24:34', 'task-simulation-25b399940c94a252-exec-2'), ('24:35', 'task-simulation-25b399940c94a252-exec-3'), ('24:38', 'task-simulation-25b399940c94a252-exec-1'), ('24:38', 'task-simulation-25b399940c94a252-exec-2'), ('24:38', 'task-simulation-25b399940c94a252-exec-3'), ('24:39', 'task-simulation-25b399940c94a252-exec-1'), ('24:40', 'task-simulation-25b399940c94a252-exec-2'), ('24:40', 'task-simulation-25b399940c94a252-exec-3')]"
112,2024-12-28 09:24:39.490446,2024-12-28 09:25:07.248849,33.830999999999996,"[('24:59', 'task-simulation-e99e32940c953247-exec-1'), ('25:01', 'task-simulation-e99e32940c953247-exec-1'), ('25:02', 'task-simulation-e99e32940c953247-exec-1')]"
113,2024-12-28 09:24:53.928047,2024-12-28 09:25:23.110764,45.108,"[('25:13', 'task-simulation-6f1165940c956a20-exec-1'), ('25:15', 'task-simulation-6f1165940c956a20-exec-1'), ('25:16', 'task-simulation-6f1165940c956a20-exec-1'), ('25:18', 'task-simulation-6f1165940c956a20-exec-1')]"
